0.000000000000000000e+00,8.999231725611571420e-02,1.072286326012803770e-01,2.303999870989935361e-01,7.254409498878501283e-01,4.038163369229225697e-01,1.586711902223948145e-01,2.157131028130326866e-01,7.118772105923930338e-02
1.000000000000000000e+00,8.692643375233002900e-02,1.002261557730060315e-01,2.214831798338114388e-01,7.361315519697561038e-01,3.676488430052720080e-01,1.612818605216725654e-01,2.292577361951640413e-01,7.150157786447099151e-02
2.000000000000000000e+00,8.410209358544772085e-02,9.598863370018054231e-02,2.175566198261612849e-01,7.452455018821555477e-01,3.404486720039662795e-01,1.634329527069386112e-01,2.400981021587371422e-01,7.209764273628438414e-02
3.000000000000000000e+00,8.155839697327528504e-02,9.426773039134130061e-02,2.181686836007848129e-01,7.528982873315448465e-01,3.215584301818155133e-01,1.651954437288418176e-01,2.484820586935974629e-01,7.296622670769015162e-02
4.000000000000000000e+00,7.933444413361916137e-02,9.481510985502571154e-02,2.228677476824238168e-01,7.592053960244207200e-01,3.103207238016293390e-01,1.666403105380309668e-01,2.546574637895904769e-01,7.409764081169897820e-02
5.000000000000000000e+00,7.746933528428584514e-02,9.738243609977119408e-02,2.312021885958201461e-01,7.642823156672796658e-01,3.060781591262178858e-01,1.678385300851548689e-01,2.588721754365616023e-01,7.548219608132154812e-02
6.000000000000000000e+00,7.600217064308180392e-02,1.017213731341151395e-01,2.427203828657156226e-01,7.682445339666179596e-01,3.081733424183907832e-01,1.688610793208623895e-01,2.613740516243564516e-01,7.711020354956853173e-02
7.000000000000000000e+00,7.497205042781347750e-02,1.075835849665949528e-01,2.569707070168520402e-01,7.712075386289326540e-01,3.159488799409580495e-01,1.697789351958022830e-01,2.624109503428203038e-01,7.897197424945062716e-02
8.000000000000000000e+00,7.441807485628734731e-02,1.147207356057480393e-01,2.735015375739712207e-01,7.732868173607198026e-01,3.287473779567296472e-01,1.706630746606233595e-01,2.622307295817986605e-01,8.105781921397849088e-02
9.000000000000000000e+00,7.437934414630992253e-02,1.228844890601118039e-01,2.918612510618149303e-01,7.745978578684762361e-01,3.459114427285152060e-01,1.715844746659744846e-01,2.610812473311370785e-01,8.335804947616279326e-02
1.000000000000000000e+01,7.489495851568761520e-02,1.318265093382236797e-01,3.115982240051251018e-01,7.752561478586984522e-01,3.667836805191247440e-01,1.726141121625044128e-01,2.592103615806810035e-01,8.586297606901426016e-02
1.100000000000000000e+01,7.600401818222692063e-02,1.412984604486209883e-01,3.322608329286433348e-01,7.753771750378829486e-01,3.907066975913681683e-01,1.738229641008620097e-01,2.568659303202757704e-01,8.856291002554350644e-02
1.200000000000000000e+01,7.774562336373429250e-02,1.510520063998412321e-01,3.533974543571116733e-01,7.750764271125262228e-01,4.170231002080552751e-01,1.752820074316960575e-01,2.542958115397670471e-01,9.144816237876125797e-02
1.300000000000000000e+01,8.015887427801622611e-02,1.608388112004217607e-01,3.745564648152717724e-01,7.744693917891249946e-01,4.450754946319959715e-01,1.770622191056553663e-01,2.517478632290001683e-01,9.450904416167817124e-02
1.400000000000000000e+01,8.328287114287917514e-02,1.704105388589000070e-01,3.952862408278655093e-01,7.736715567741755395e-01,4.742064871260001646e-01,1.792345760733887461e-01,2.494699433778206354e-01,9.773586640730494435e-02
1.500000000000000000e+01,8.715671417612741445e-02,1.795188533838088241e-01,4.151351589196249359e-01,7.727984097741567027e-01,5.037586839528652716e-01,1.818700552855407604e-01,2.477099099760681489e-01,1.011189401486496803e-01
1.600000000000000000e+01,9.266915461476733784e-02,1.829722012247428364e-01,4.317849615634492544e-01,7.583449868240739189e-01,5.289382493485117465e-01,1.849470397479346662e-01,2.440623928466600090e-01,1.045710049326114138e-01
1.700000000000000000e+01,9.670201652152159155e-02,1.828011269617700607e-01,4.417508927529277818e-01,7.494356530512809034e-01,5.508107353980660204e-01,1.899954412482609822e-01,2.537094843785230314e-01,1.085604567451362995e-01
1.800000000000000000e+01,1.027869142126341395e-01,1.863109293094851182e-01,4.502192826129085002e-01,7.530312063733110017e-01,5.747649813851700706e-01,1.979441930344618128e-01,2.582446630899310480e-01,1.145559681338455815e-01
1.900000000000000000e+01,1.157023795385918458e-01,1.899601571815228707e-01,4.607799107090461144e-01,7.611206667408069171e-01,5.999146087847965214e-01,2.091948919388657846e-01,2.703289213406697700e-01,1.214697206290612230e-01
2.000000000000000000e+01,1.301607208737351196e-01,1.919550969306140775e-01,4.653653424852023379e-01,7.766529267617620080e-01,6.164919187096862263e-01,2.197020593278243283e-01,2.830983320146144844e-01,1.272225204071778804e-01
2.100000000000000000e+01,1.445371604054802028e-01,1.929216665164101563e-01,4.668680160425893177e-01,7.807924962400453195e-01,6.257799681321351004e-01,2.272849260340921718e-01,2.901307672797674431e-01,1.309720405658834907e-01
2.200000000000000000e+01,1.503744281009397055e-01,1.940186802277230338e-01,4.677757788504884884e-01,7.979399111462919247e-01,6.330936067170495063e-01,2.371815721470666993e-01,3.059320415792470271e-01,1.344495526464624113e-01
2.300000000000000000e+01,1.702308039613599500e-01,1.938253663105638236e-01,4.658601747908510116e-01,8.261055778021281215e-01,6.439131984787620500e-01,2.483281295938860045e-01,3.209771676363868953e-01,1.396358827713105044e-01
2.400000000000000000e+01,1.882545467796843952e-01,1.941546842667863648e-01,4.584783203435761623e-01,8.213565562620039895e-01,6.451885571092241811e-01,2.594616426281535770e-01,3.387641864433228456e-01,1.439644893101789114e-01
2.500000000000000000e+01,2.023339586223430464e-01,1.898262915707466802e-01,4.317432622118497210e-01,8.210721452998117620e-01,6.418004313310484710e-01,2.678348724293556082e-01,3.535830667876811995e-01,1.464700857342438045e-01
2.600000000000000000e+01,2.126484536226284916e-01,1.821001501692391389e-01,4.006926419538065498e-01,8.070327220661230871e-01,6.373576327216458060e-01,2.714064753545695763e-01,3.582912443475204101e-01,1.451932302039807832e-01
2.700000000000000000e+01,2.212844962603224275e-01,1.783916878336470058e-01,3.785545631109870635e-01,8.110469796467789649e-01,6.244708223347359421e-01,2.731065258428613807e-01,3.655770833647017937e-01,1.440451080566048370e-01
2.800000000000000000e+01,2.241658145344412600e-01,1.706942013711874040e-01,3.681384927670613982e-01,8.067895827698730038e-01,6.027719766620990294e-01,2.665759796967048234e-01,3.591451187625832042e-01,1.403253120510907503e-01
2.900000000000000000e+01,2.253265534087114663e-01,1.592628052765184543e-01,3.334166188256227348e-01,8.038898740124846842e-01,5.621606573749942104e-01,2.581858563120341676e-01,3.514127759190429079e-01,1.353370003856336212e-01
3.000000000000000000e+01,2.266500266756345250e-01,1.504212596804284652e-01,3.195345839138689081e-01,8.137875893396026017e-01,5.314881112381207862e-01,2.485295695385363879e-01,3.454730775086285455e-01,1.313486177872522642e-01
3.100000000000000000e+01,2.263343946604497725e-01,1.444009425235881494e-01,3.447289044646969502e-01,8.261746490358031769e-01,5.047887648587899845e-01,2.404193664166550393e-01,3.377039536985490531e-01,1.268795165099174949e-01
3.200000000000000000e+01,2.253481515344117891e-01,1.411808972087832681e-01,3.439295599709566997e-01,8.344535741495415770e-01,4.809801458380413286e-01,2.329198984135864015e-01,3.344105602934945853e-01,1.255586093569389938e-01
3.300000000000000000e+01,2.226032649850137601e-01,1.412722080966449800e-01,3.512027822612437955e-01,8.570676671290826665e-01,4.763936448477415486e-01,2.272483589103817814e-01,3.325804933653434547e-01,1.251195900295851704e-01
3.400000000000000000e+01,2.233519287283483590e-01,1.522566726792976000e-01,3.736485809345855835e-01,8.879380178825182490e-01,4.694952890361934750e-01,2.245810973078076200e-01,3.334914638156734057e-01,1.264723597640423081e-01
3.500000000000000000e+01,2.130530442545590930e-01,1.630493202445919276e-01,3.906339029766653925e-01,9.115248818898884497e-01,4.742244231932468690e-01,2.210251049090899700e-01,3.349524380214608521e-01,1.293859683052972220e-01
3.600000000000000000e+01,2.131437136139346655e-01,1.750717779178317390e-01,3.944495005694442225e-01,9.495904023011296768e-01,4.944826097288242961e-01,2.170702956348170565e-01,3.219880026877271484e-01,1.287348168918571456e-01
3.700000000000000000e+01,2.063313226195304384e-01,1.838275725396066318e-01,4.098712038479530029e-01,9.654560432920528124e-01,5.059860708567706089e-01,2.169582419925699390e-01,3.079738129078268827e-01,1.259954902560057322e-01
3.800000000000000000e+01,1.967453901366801872e-01,1.909239468105456694e-01,4.269814101020028008e-01,9.596247631957973701e-01,5.210376121987719822e-01,2.083412313666316851e-01,2.917596081060968571e-01,1.235745755921123651e-01
3.900000000000000000e+01,1.804837122269752070e-01,1.955773806062336417e-01,4.450177696472215061e-01,9.564571093740279473e-01,5.306665270901941289e-01,2.023258325948518177e-01,2.830579157199871743e-01,1.201464612049668590e-01
4.000000000000000000e+01,1.636974778584300017e-01,1.977292809916023075e-01,4.511886321554778867e-01,9.447410884743380199e-01,5.342947983650178090e-01,1.947044741794150824e-01,2.712910002270628729e-01,1.196588995554944690e-01
4.100000000000000000e+01,1.605941907281040193e-01,2.005473017884212006e-01,4.560871298328743051e-01,9.334756344147526752e-01,5.319613454180692758e-01,1.915156499176027260e-01,2.710880633826114883e-01,1.180995576484977216e-01
4.200000000000000000e+01,1.556794409957251712e-01,2.011625276066369983e-01,4.718608184074494227e-01,9.193677814758747235e-01,5.402513903589006850e-01,1.897880137044064830e-01,2.719494222966792885e-01,1.197014542784089475e-01
4.300000000000000000e+01,1.500530223293796150e-01,2.003281128889873308e-01,4.754270752619454421e-01,9.352486053076367600e-01,5.710772618039634541e-01,1.964436579053619458e-01,2.791612716951250017e-01,1.230570759466197567e-01
4.400000000000000000e+01,1.523385744826957766e-01,1.998856720763740324e-01,4.966945999490622876e-01,9.318138617928010126e-01,5.884079400144194283e-01,2.044272660726435265e-01,2.975859698172918510e-01,1.270820256687114902e-01
4.500000000000000000e+01,1.574447135467753889e-01,2.000088455457144365e-01,5.010170050458979674e-01,9.418535687581864879e-01,6.056943527593312560e-01,2.099743490495354359e-01,3.049753087635717064e-01,1.343789845129861049e-01
4.600000000000000000e+01,1.650699211331290162e-01,1.993722354446270661e-01,4.985208177062965818e-01,9.440093183144721012e-01,6.236432505876052801e-01,2.202811457079871804e-01,3.168080878477405604e-01,1.392665762061180423e-01
4.700000000000000000e+01,1.680699221771851659e-01,1.982095719848983861e-01,4.997908302660406532e-01,9.624981692852536685e-01,6.413158634811780834e-01,2.320286015034982996e-01,3.363464794218600784e-01,1.443130531209859124e-01
4.800000000000000000e+01,1.793039413409492910e-01,1.998606524654142902e-01,4.999473632166607784e-01,9.770867409030851158e-01,6.654336992322499311e-01,2.424666976587815936e-01,3.481824661484596573e-01,1.495043016308944817e-01
4.900000000000000000e+01,1.961705806130916996e-01,1.981988798434625443e-01,4.929949051694475504e-01,9.891874650516350176e-01,6.772510816327511618e-01,2.546285808563442110e-01,3.683824874346264266e-01,1.528526526429289933e-01
5.000000000000000000e+01,2.097023409714087461e-01,1.976180827206700241e-01,4.861151536839977139e-01,9.978853082668278640e-01,6.836364284982096029e-01,2.631093736003904393e-01,3.831571023134407450e-01,1.545509923885911019e-01
5.100000000000000000e+01,2.195198652377583493e-01,1.937920068292840747e-01,4.734167388291867784e-01,9.940904534284343841e-01,6.863169483561640805e-01,2.701619100914426919e-01,3.920814050842436060e-01,1.552513276526358843e-01
5.200000000000000000e+01,2.277795444969122340e-01,1.919890979403798825e-01,4.627100560810362695e-01,9.942194006541501539e-01,6.900367443616782781e-01,2.752609923421746596e-01,4.038072627540545412e-01,1.557288386891585996e-01
5.300000000000000000e+01,2.445364823979233881e-01,1.877210089220380795e-01,4.418064918883939374e-01,9.699289937403045014e-01,6.864146745288872697e-01,2.779808592806129464e-01,4.079848962558494385e-01,1.553819856209812944e-01
5.400000000000000000e+01,2.474417510688583788e-01,1.821495478626725395e-01,4.149503987156142881e-01,9.393383494068293649e-01,6.705173847993144420e-01,2.738782846116972758e-01,4.063122176496332671e-01,1.510110382020271313e-01
5.500000000000000000e+01,2.498560098747137082e-01,1.751085856147289177e-01,3.972646612184381754e-01,9.350183500418396410e-01,6.492445942325549835e-01,2.677373868298210113e-01,4.002970594510449898e-01,1.458115032825093582e-01
5.600000000000000000e+01,2.501937384580745216e-01,1.678162416873826834e-01,3.791615025195990696e-01,9.280101356217862474e-01,6.253492572276402317e-01,2.599211169655045173e-01,3.918073482031421695e-01,1.399577162285313980e-01
5.700000000000000000e+01,2.483107171270888258e-01,1.604012934899901877e-01,3.607856407534399401e-01,9.176358275244097529e-01,5.992991235249268689e-01,2.505389688365516343e-01,3.809487851582696316e-01,1.335670232923548972e-01
5.800000000000000000e+01,2.440627261898987987e-01,1.529925184319030906e-01,3.422817940542941528e-01,9.032175471274282996e-01,5.715619428647560341e-01,2.397004362607600136e-01,3.678270715687625425e-01,1.267567707262375887e-01
5.900000000000000000e+01,2.373055459546466184e-01,1.457186939224731637e-01,3.237946805564954622e-01,8.840774158085595857e-01,5.426054649874688662e-01,2.275150130559272232e-01,3.525479086869564571e-01,1.196443047824375105e-01
6.000000000000000000e+01,2.278949567294746015e-01,1.387085973710521780e-01,3.054690183943772896e-01,8.595375549455213093e-01,5.128974396334069485e-01,2.140921930398507200e-01,3.352169977651864308e-01,1.123469717132124790e-01
6.100000000000000000e+01,2.156867388225249538e-01,1.320910061869918495e-01,2.874495257022732786e-01,8.289200859160317236e-01,4.829056165429119196e-01,1.995414700303280997e-01,3.159400400557877964e-01,1.049821177708204073e-01
6.200000000000000000e+01,2.005366725419398255e-01,1.259946977796438938e-01,2.698809206145167394e-01,7.915471300978084157e-01,4.530977454563248075e-01,1.839723378451569302e-01,2.948227368110959978e-01,9.766708920751911160e-02
6.300000000000000000e+01,1.823005381958615612e-01,1.205484495583601101e-01,2.529079212654413156e-01,7.467408088685695278e-01,4.239415761139868621e-01,1.674942903021345575e-01,2.719707892834463681e-01,9.051923227556654683e-02
6.400000000000000000e+01,1.608341160924324220e-01,1.158810389324922141e-01,2.366752457893805950e-01,6.938232436060326469e-01,3.959048582562392782e-01,1.502168212190584939e-01,2.474898987251739901e-01,8.365589322722059851e-02
6.500000000000000000e+01,1.359931865397944195e-01,1.121212433113919493e-01,2.213276123206680546e-01,6.321165556879159153e-01,3.694553416234239718e-01,1.322494244137266128e-01,2.214857663886143357e-01,7.719441831473905502e-02
6.600000000000000000e+01,1.076335298460900369e-01,1.093978401044111565e-01,2.070097389936369769e-01,5.609428664919370311e-01,3.450607759558825816e-01,1.137015937039363711e-01,1.940640935261028210e-01,7.125215379037989905e-02
6.700000000000000000e+01,7.561092631946136899e-02,1.078396067209014125e-01,1.938663439426213386e-01,4.796242973958139699e-01,3.231889109939553029e-01,9.468282290748511465e-02,1.653305813899743903e-01,6.594644590640091897e-02
6.800000000000000000e+01,3.978115626805056593e-02,1.075753205702145859e-01,1.820421453019544500e-01,3.874829697772644854e-01,3.043074964779839409e-01,7.530260584217024489e-02,1.353909312325647651e-01,6.139464091506019461e-02
6.900000000000000000e+01,0.000000000000000000e+00,1.087337590617023231e-01,1.716818612059697324e-01,2.838410050140066643e-01,2.888842821483106338e-01,5.567043632578982937e-02,1.043508443062087787e-01,5.771408506861541027e-02
0.000000000000000000e+00,8.559493561248218696e-02,1.769704637394868552e-01,3.486046771909290243e-01,7.173457250740368218e-01,5.243870055495474247e-01,2.507673179408812514e-01,3.112009350033388411e-01,1.239952287455803326e-01
1.000000000000000000e+00,8.513290524162639428e-02,1.473181386975110918e-01,2.933339933342952177e-01,6.870259287701716566e-01,4.463048085198344506e-01,2.219004445293603633e-01,2.952521099684030648e-01,1.168648570521715058e-01
2.000000000000000000e+00,8.636508199718681555e-02,1.256419837719931487e-01,2.523168872685967457e-01,6.675841922333620726e-01,3.859164112222994714e-01,1.987972974420517402e-01,2.819625306689560462e-01,1.116063405740017056e-01
3.000000000000000000e+00,8.916382639796657794e-02,1.112779952717784376e-01,2.244042748814326638e-01,6.580472219774612386e-01,3.418959756188413301e-01,1.810641698961098778e-01,2.712249205757357173e-01,1.080920459753251239e-01
4.000000000000000000e+00,9.340149896276887798e-02,1.035621695057124536e-01,2.084470720604021388e-01,6.574417245163217682e-01,3.129176636713588144e-01,1.683073551086892161e-01,2.629320031594798990e-01,1.061943399203958971e-01
5.000000000000000000e+00,9.895046021039684281e-02,1.018305027826406362e-01,2.032961946931041985e-01,6.647944063637968304e-01,2.976556373417509338e-01,1.601331462969442510e-01,2.569765018909264120e-01,1.057855890734681892e-01
6.000000000000000000e+00,1.056830706596536135e-01,1.054189914114083970e-01,2.078025586671379543e-01,6.791319740337394828e-01,2.947840585919163647e-01,1.561478366780294225e-01,2.532511402408131884e-01,1.067381600987961920e-01
7.000000000000000000e+00,1.134716908293423449e-01,1.136636317008612035e-01,2.208170798701025173e-01,6.994811340400025612e-01,3.029770893837538948e-01,1.559577194690992263e-01,2.516486416798779935e-01,1.089244196606340281e-01
8.000000000000000000e+00,1.221886812382661780e-01,1.259004199598445506e-01,2.411906741895970263e-01,7.248685928964389014e-01,3.209088916791624224e-01,1.591690878873081860e-01,2.520617296788586481e-01,1.122167344232359171e-01
9.000000000000000000e+00,1.317064024052283233e-01,1.414653524972038223e-01,2.677742575132205372e-01,7.543210571169015610e-01,3.472536274400405687e-01,1.653882351498106584e-01,2.543831277084931397e-01,1.164874710508559674e-01
1.000000000000000000e+01,1.418972148490318663e-01,1.596944256217845137e-01,2.994187457285722442e-01,7.868652332152435980e-01,3.806854586282876762e-01,1.742214544737611670e-01,2.585055592395191781e-01,1.216089962077483849e-01
1.100000000000000000e+01,1.418972148490318663e-01,1.596944256217845137e-01,2.994187457285722442e-01,7.868652332152435980e-01,3.806854586282876762e-01,1.742214544737611670e-01,2.585055592395191781e-01,1.216089962077483849e-01
1.200000000000000000e+01,1.418972148490318663e-01,1.596944256217845137e-01,2.994187457285722442e-01,7.868652332152435980e-01,3.806854586282876762e-01,1.742214544737611670e-01,2.585055592395191781e-01,1.216089962077483849e-01
1.300000000000000000e+01,1.526334790884799619e-01,1.799236356424320227e-01,3.349750547232511755e-01,8.215278277053177369e-01,4.198785472058019219e-01,1.852750390763142629e-01,2.643217477426746953e-01,1.274536765581672781e-01
1.400000000000000000e+01,1.526334790884799619e-01,1.799236356424320227e-01,3.349750547232511755e-01,8.215278277053177369e-01,4.198785472058019219e-01,1.852750390763142629e-01,2.643217477426746953e-01,1.274536765581672781e-01
1.500000000000000000e+01,1.637875556423757928e-01,2.014889788679918303e-01,3.732941003848564976e-01,8.573355471009771467e-01,4.635070551344825929e-01,1.981552821746243309e-01,2.717244166886975121e-01,1.338938787663668806e-01
1.600000000000000000e+01,1.752318050295224583e-01,2.237264516073094733e-01,4.132267986009873217e-01,8.933150979160746630e-01,5.102451443762283656e-01,2.124684769858458111e-01,2.806062895483255604e-01,1.408019694966013147e-01
1.700000000000000000e+01,1.868385877687231689e-01,2.459720501692301553e-01,4.536240652592426481e-01,9.284931866644633436e-01,5.587669768929376390e-01,2.278209167271332547e-01,2.908600897922964945e-01,1.480503154131247723e-01
1.800000000000000000e+01,1.984802643787771936e-01,2.675617708625936952e-01,4.933368162472104301e-01,9.618965198599743749e-01,6.077467146464968772e-01,2.438188946156363279e-01,3.023785408913420847e-01,1.555112831801884199e-01
1.900000000000000000e+01,2.092129504293721853e-01,2.761523493441605526e-01,5.176463522412614315e-01,9.738734753773624631e-01,6.452966985955005397e-01,2.563796433975449873e-01,3.207086882487488189e-01,1.608958044495851780e-01
2.000000000000000000e+01,1.980993570340309207e-01,2.804083568620628353e-01,5.340201444319874202e-01,9.737786141955113717e-01,6.702048629728198925e-01,2.663567831186817170e-01,3.232642986347010750e-01,1.669550102039986939e-01
2.100000000000000000e+01,2.145216245423548218e-01,2.862352154045412211e-01,5.479193970265370250e-01,9.868646515482877302e-01,6.899334814538613525e-01,2.768163776171191359e-01,3.448939017687876474e-01,1.772520452322152440e-01
2.200000000000000000e+01,2.353839804082527021e-01,2.916356165193580430e-01,5.600864927982963648e-01,9.979337395873858485e-01,7.198341856531040861e-01,2.918867688113957470e-01,3.676229752528768491e-01,1.855200121173541661e-01
2.300000000000000000e+01,2.569956142435745328e-01,2.964290314375275792e-01,5.712330995564844915e-01,9.904246621570569342e-01,7.409046510721382095e-01,3.007656918545369429e-01,3.885256575683281866e-01,1.945334959558965293e-01
2.400000000000000000e+01,3.001766749566543990e-01,2.951901945494309065e-01,5.774272839969682991e-01,9.874325649673882932e-01,7.751789990125919072e-01,3.306346363629393825e-01,4.435557992540981043e-01,2.099442591000314495e-01
2.500000000000000000e+01,3.178812399826457247e-01,2.617123462239921428e-01,4.832648153442224981e-01,9.087577513418638731e-01,7.477054038186000673e-01,3.522364497675410377e-01,5.110102484183651761e-01,2.046644194432061803e-01
2.600000000000000000e+01,3.087141813232649468e-01,2.464058468017597536e-01,4.556466299787745866e-01,8.709887926823312032e-01,7.196070620745307345e-01,3.403372219145772148e-01,5.016743619287292733e-01,1.970560929790019511e-01
2.700000000000000000e+01,3.255303107870723966e-01,2.243004751410757058e-01,4.193085289697202622e-01,8.287293898396161929e-01,6.603269722855583668e-01,3.209516916727421232e-01,4.848952157891237014e-01,1.913023653035894889e-01
2.800000000000000000e+01,3.207546562223330677e-01,1.999710893402496525e-01,3.724893120927778578e-01,7.697372267215490949e-01,5.898311148326867981e-01,2.994290685499061966e-01,4.618529332486578931e-01,1.822251531380325307e-01
2.900000000000000000e+01,3.109647315208851071e-01,1.782131937707959468e-01,3.392302295325335115e-01,7.437203983995105405e-01,5.429772130302216171e-01,2.803195550949113546e-01,4.412160293986575610e-01,1.738456094442845101e-01
3.000000000000000000e+01,2.991183668375432814e-01,1.565766954406716538e-01,2.977961607609913020e-01,7.141149339578797273e-01,5.076974201402785214e-01,2.621578176770908430e-01,4.225384059500205680e-01,1.653910543754602835e-01
3.100000000000000000e+01,2.954714349696328513e-01,1.508630852694782809e-01,3.208873365097240637e-01,7.136997595782798021e-01,4.946067859901437380e-01,2.536792338948020697e-01,4.115752531955006455e-01,1.616106064388209418e-01
3.200000000000000000e+01,2.885597322505652484e-01,1.588107389568684247e-01,3.222124678209586368e-01,7.193063897382223626e-01,4.829146229636438470e-01,2.511213251101705457e-01,4.040377591996831552e-01,1.579112292919575555e-01
3.300000000000000000e+01,2.824683489146427307e-01,1.715697768611929019e-01,3.381857118054977240e-01,7.325934325027629868e-01,4.915695566082287637e-01,2.520473708325596807e-01,3.982620922641509353e-01,1.575127705391154986e-01
3.400000000000000000e+01,2.744908160444227696e-01,1.847038716408984094e-01,3.595986386277346680e-01,7.583718541981667727e-01,4.907730569932134967e-01,2.509752723213731773e-01,3.876944730277904205e-01,1.555198499389018330e-01
3.500000000000000000e+01,2.614417620158482336e-01,1.988734994982573612e-01,3.776930956478546930e-01,7.781913638997043359e-01,5.163968591411064457e-01,2.576199429029830124e-01,3.868662137219351926e-01,1.549753383972624354e-01
3.600000000000000000e+01,2.445142646887659976e-01,2.149658423234467042e-01,3.907782972192930804e-01,8.093935885873860814e-01,5.303928534255174521e-01,2.542112087163730383e-01,3.691154717770251947e-01,1.512151581580671034e-01
3.700000000000000000e+01,2.247440660861641515e-01,2.242973409610586055e-01,4.012362201550546681e-01,8.222844709977635835e-01,5.407383637713321090e-01,2.497481363720069625e-01,3.438017445054917243e-01,1.460899380487526711e-01
3.800000000000000000e+01,2.129622655111748641e-01,2.296429983982431755e-01,4.181137795471975838e-01,8.404165381780888122e-01,5.583568433195199576e-01,2.445610684436882176e-01,3.202475458955644783e-01,1.407992332345347763e-01
3.900000000000000000e+01,1.985960200940758147e-01,2.352333308220968811e-01,4.561994993337928350e-01,8.519396644289993770e-01,5.892845138377026393e-01,2.445936639158661774e-01,3.042694961683324317e-01,1.400491194837728826e-01
4.000000000000000000e+01,1.985960200940758147e-01,2.352333308220968811e-01,4.561994993337928350e-01,8.519396644289993770e-01,5.892845138377026393e-01,2.445936639158661774e-01,3.042694961683324317e-01,1.400491194837728826e-01
4.100000000000000000e+01,1.985960200940758147e-01,2.352333308220968811e-01,4.561994993337928350e-01,8.519396644289993770e-01,5.892845138377026393e-01,2.445936639158661774e-01,3.042694961683324317e-01,1.400491194837728826e-01
4.200000000000000000e+01,1.821633053190281903e-01,2.379289345821468116e-01,4.735294253750721438e-01,8.482373620474533693e-01,6.129329467934777620e-01,2.424574068162033136e-01,2.865977355598536835e-01,1.388407886145093528e-01
4.300000000000000000e+01,1.319171760113765912e-01,2.383476610324328782e-01,4.973652822958704589e-01,8.440396502778693133e-01,6.261974234618948865e-01,2.460801010253146903e-01,2.946486082424739639e-01,1.432810859174177831e-01
4.400000000000000000e+01,1.409206304738641891e-01,2.365235682624742264e-01,5.119534276581809706e-01,8.396578576686136719e-01,6.431094588342262108e-01,2.548875647640656550e-01,3.025521744642900579e-01,1.450717474338605317e-01
4.500000000000000000e+01,1.492991294409398428e-01,2.360116521930127886e-01,5.215168556170590719e-01,8.555937004382817568e-01,6.572717736048784287e-01,2.600117401467076927e-01,3.204445813459734782e-01,1.530085359638580500e-01
4.600000000000000000e+01,1.606197876627448728e-01,2.357318743901520297e-01,5.253537187940064968e-01,8.595899889054329224e-01,6.651068057569869962e-01,2.627896683685403967e-01,3.244651074719235306e-01,1.608730294081275047e-01
4.700000000000000000e+01,2.045465742745627702e-01,2.392912581629177693e-01,5.353158144510610228e-01,8.646458391637018570e-01,6.760538697207524317e-01,2.713775305607591393e-01,3.541263603178589348e-01,1.697362815511830048e-01
4.800000000000000000e+01,2.282679291520693099e-01,2.388044155335931895e-01,5.398463761384623139e-01,8.753737194716040282e-01,6.954435788692771014e-01,2.778717605015476599e-01,3.680216429510534404e-01,1.733936606858171026e-01
4.900000000000000000e+01,2.455800948399182726e-01,2.379801261890929776e-01,5.410912724412588748e-01,8.815564119186916070e-01,6.986699037788913769e-01,2.794110607806181146e-01,3.799329896334166512e-01,1.785243133738278476e-01
5.000000000000000000e+01,2.595923868604182450e-01,2.367529902397267905e-01,5.365646807152125719e-01,8.979638443082680332e-01,7.053968988222839576e-01,2.854667144643455168e-01,3.938222128519113796e-01,1.813045399943398195e-01
5.100000000000000000e+01,2.730267360857628889e-01,2.364556610287701643e-01,5.326569850698784636e-01,9.032152673996046710e-01,7.049689787772809302e-01,2.951544648972357354e-01,4.178482100270811128e-01,1.846462027285835916e-01
5.200000000000000000e+01,2.888656282202352044e-01,2.322514719538174288e-01,5.150332818883287533e-01,9.158061043096774601e-01,7.037800798241234945e-01,2.991973481739745311e-01,4.352644304914981555e-01,1.867045232184876835e-01
5.300000000000000000e+01,3.030335845149184637e-01,2.309687565454811575e-01,4.983592352519636282e-01,9.062834206910219681e-01,7.039917414479457403e-01,3.051817514986463475e-01,4.516152386954318532e-01,1.859776023998523653e-01
5.400000000000000000e+01,3.096373018109713215e-01,2.252309087154887590e-01,4.812487018118821180e-01,8.862802480404815553e-01,6.839210794543701954e-01,3.039360194145119265e-01,4.575896126440489042e-01,1.846138162017401385e-01
5.500000000000000000e+01,3.153145554939663087e-01,2.170260433213610507e-01,4.607697606347442298e-01,8.572151162338006447e-01,6.626115805726977559e-01,2.971421618640875395e-01,4.540458997713687772e-01,1.809372140963343978e-01
5.600000000000000000e+01,3.217105811275520200e-01,2.087208841666857440e-01,4.314674758734353688e-01,8.247395786778340954e-01,6.311841128144531909e-01,2.866453750961138192e-01,4.408054518164159497e-01,1.774883624055054454e-01
5.700000000000000000e+01,3.270779427613618173e-01,1.980562620587994760e-01,4.027194969663276947e-01,8.004092265048535770e-01,5.934757483019300617e-01,2.767501419460966505e-01,4.316492321962701606e-01,1.720501683033187346e-01
5.800000000000000000e+01,3.298756255354790556e-01,1.873858493996913011e-01,3.739431445118798769e-01,7.744099926090672881e-01,5.547224497080518457e-01,2.657743725806449575e-01,4.197987746425528854e-01,1.659941274561772262e-01
5.900000000000000000e+01,3.298126300534978128e-01,1.769626344348935454e-01,3.457501751130973022e-01,7.469582829024982162e-01,5.158580475052929604e-01,2.538812778877929111e-01,4.053347136180273091e-01,1.594267804755873930e-01
6.000000000000000000e+01,3.265979569190061160e-01,1.670396054099344274e-01,3.187523453729766976e-01,7.182705032971514747e-01,4.778163721661136121e-01,2.412340687555687702e-01,3.883376835854475129e-01,1.524546679730524323e-01
6.100000000000000000e+01,3.199406067355916594e-01,1.578697505703420545e-01,2.935614118945154005e-01,6.885630597050320656e-01,4.415312541629749510e-01,2.279959560720010991e-01,3.688883190075674112e-01,1.451843305600755696e-01
6.200000000000000000e+01,3.095495801068421371e-01,1.497060581616448116e-01,2.707891312807095829e-01,6.580523580381447690e-01,4.079365239683385158e-01,2.143301507251179350e-01,3.470672543471407523e-01,1.377223088481600577e-01
6.300000000000000000e+01,2.951338776363453542e-01,1.428015164293710837e-01,2.510472601345558608e-01,6.269548042084946982e-01,3.779660120546650681e-01,2.003998636029477587e-01,3.229551240669218393e-01,1.301751434488091497e-01
6.400000000000000000e+01,2.764024999276890049e-01,1.374091136190487561e-01,2.349475550590514050e-01,5.954868041280870772e-01,3.525535488944151474e-01,1.863683055935187738e-01,2.966325626296644757e-01,1.226493749735260291e-01
6.500000000000000000e+01,2.530644475844610608e-01,1.337818379762065191e-01,2.231017726571931925e-01,5.638647637089265752e-01,3.326329649600505145e-01,1.723986875848593503e-01,2.681802044981226318e-01,1.152515440338139491e-01
6.600000000000000000e+01,1.914043214086406097e-01,1.328346211750743855e-01,2.146190022864011004e-01,5.010241855023671587e-01,3.130027566588200472e-01,1.452981151219622791e-01,2.052086360032009948e-01,1.012658572071157698e-01
6.700000000000000000e+01,1.078255039375863727e-01,1.419837719902009576e-01,2.304930018461535390e-01,4.401643168848569654e-01,3.265460309306619791e-01,1.204038333184830195e-01,1.346854942841889391e-01,8.907040786074046923e-02
6.800000000000000000e+01,5.708908747531576261e-02,1.509769558676818668e-01,2.490931818574760592e-01,4.110181634520078120e-01,3.480923002126372623e-01,1.091920786340958710e-01,9.679366962253375950e-02,8.391037377143194254e-02
6.900000000000000000e+01,0.000000000000000000e+00,1.632531963858119273e-01,2.756178241604250179e-01,3.830164051524357349e-01,3.807334315552625137e-01,9.902152927864792120e-02,5.725585504311762192e-02,7.951752088671383556e-02
0.000000000000000000e+00,5.442891293601230529e-02,1.248251843163458302e-01,2.963864359576078855e-01,8.793987391661615138e-01,4.911727691474179758e-01,1.798412786998020707e-01,2.131029187171108175e-01,1.049714667073599755e-01
1.000000000000000000e+00,6.196173461441092933e-02,1.100614865701148304e-01,2.585588502796875021e-01,8.456199873524127275e-01,3.961199456058192014e-01,1.656941716027075795e-01,2.165831189826344094e-01,9.806971748196195715e-02
2.000000000000000000e+00,6.816376302689976241e-02,9.954634481757980435e-02,2.319963179495156957e-01,8.195544267397253391e-01,3.246949168413338915e-01,1.546222352222165197e-01,2.187275860353598833e-01,9.252914834196096505e-02
3.000000000000000000e+00,7.318612175085793814e-02,9.292427494914107244e-02,2.157698562178383961e-01,8.006169828486717766e-01,2.750098145432044450e-01,1.464202696960965056e-01,2.197451459504764781e-01,8.826785258632457998e-02
4.000000000000000000e+00,7.717993436366452076e-02,8.983979285519898272e-02,2.089504823354014496e-01,7.882225811998244680e-01,2.451767704006733162e-01,1.408830751621152344e-01,2.198446248031735439e-01,8.520392351402042430e-02
5.000000000000000000e+00,8.029632444269858838e-02,8.993741442615380000e-02,2.106092135529507303e-01,7.817861473137560635e-01,2.333079161029828763e-01,1.378054517580403482e-01,2.192348486686403475e-01,8.325545442401612040e-02
6.000000000000000000e+00,8.268641556533924686e-02,9.286165555240592784e-02,2.198170671212320570e-01,7.807226067110387691e-01,2.375153833393754410e-01,1.369821996216395166e-01,2.181246436220662110e-01,8.234053861527929064e-02
7.000000000000000000e+00,8.450133130896561595e-02,9.825703212435563105e-02,2.356450602909913872e-01,7.844468849122452347e-01,2.559113037990934925e-01,1.382081188906803815e-01,2.167228357386403459e-01,8.237726938677750188e-02
8.000000000000000000e+00,8.589219525095671826e-02,1.057680600324032577e-01,2.571642103129745394e-01,7.923739074379481107e-01,2.866078091713792908e-01,1.412780097029306403e-01,2.152382510935521021e-01,8.328374003747843202e-02
9.000000000000000000e+00,8.701013096869168739e-02,1.150392551669491142e-01,2.834455344379273045e-01,8.039185998087193807e-01,3.277170311454753460e-01,1.459866721961578517e-01,2.138797157619907185e-01,8.497804386634966178e-02
1.000000000000000000e+01,8.800626203954961535e-02,1.257151334183935487e-01,3.135600499165956956e-01,8.184958875451319171e-01,3.773511014106240014e-01,1.521289065081298242e-01,2.128560558191455176e-01,8.737827417235881355e-02
1.100000000000000000e+01,8.800626203954961535e-02,1.257151334183935487e-01,3.135600499165956956e-01,8.184958875451319171e-01,3.773511014106240014e-01,1.521289065081298242e-01,2.128560558191455176e-01,8.737827417235881355e-02
1.200000000000000000e+01,8.903171204090955249e-02,1.374402106771368537e-01,3.465787739997254202e-01,8.355206961677582589e-01,4.336221516560677669e-01,1.594995127766141441e-01,2.123760973402058216e-01,9.040252425447346807e-02
1.300000000000000000e+01,8.903171204090955249e-02,1.374402106771368537e-01,3.465787739997254202e-01,8.355206961677582589e-01,4.336221516560677669e-01,1.594995127766141441e-01,2.123760973402058216e-01,9.040252425447346807e-02
1.400000000000000000e+01,9.023760455015063242e-02,1.498590028335793634e-01,3.815727239380625746e-01,8.544079511971705010e-01,4.946423135710487640e-01,1.678932911393784533e-01,2.126486664003608418e-01,9.396888741166128933e-02
1.500000000000000000e+01,9.177506314465191939e-02,1.626160257781214258e-01,4.176129169823529219e-01,8.745725781539415156e-01,5.585237188448096690e-01,1.771050417341904770e-01,2.138825890747998726e-01,9.799545694288988584e-02
1.600000000000000000e+01,9.379521140179251926e-02,1.753557954011633613e-01,4.537703703833419477e-01,8.954295025586436196e-01,6.233784991665926034e-01,1.869295646988178017e-01,2.162866914387122363e-01,1.024003261471268106e-01
1.700000000000000000e+01,9.644917289894872070e-02,1.877228275931004386e-01,4.891161013917639799e-01,9.163936499318275919e-01,6.873187862256245895e-01,1.971616601710229899e-01,2.200697995672817042e-01,1.071015883233367438e-01
1.800000000000000000e+01,1.005227468314989353e-01,1.914824267986916795e-01,5.124442668786632904e-01,9.219161571509347786e-01,7.254499980947973770e-01,2.051962264160574201e-01,2.180114627549382400e-01,1.100728549782106352e-01
1.900000000000000000e+01,1.104111222589193586e-01,1.958143376738063213e-01,5.327113093828403922e-01,9.446560771427329195e-01,7.558616632869162855e-01,2.108219116860371722e-01,2.348015355498381251e-01,1.176085096354816534e-01
2.000000000000000000e+01,1.252332369898350728e-01,2.003324914610023211e-01,5.508050825623094227e-01,9.616953445212591545e-01,7.822018442285277873e-01,2.181653155953532652e-01,2.520871241991815004e-01,1.229361540040802142e-01
2.100000000000000000e+01,1.405957957391185953e-01,2.029286601891598096e-01,5.632235405232779435e-01,9.740814124105613425e-01,8.041354081619878080e-01,2.307681879966154148e-01,2.792383629837279502e-01,1.308902674904596219e-01
2.200000000000000000e+01,1.546253985552309418e-01,2.056771144962001308e-01,5.755367307513309383e-01,9.803799752983831661e-01,8.220870829625337439e-01,2.407965721209160692e-01,3.012967854192565853e-01,1.364945335194987230e-01
2.300000000000000000e+01,1.913667106555611841e-01,2.099695826227533368e-01,5.738521858144269849e-01,9.913421860856442835e-01,8.103412414091522020e-01,2.690451551882866443e-01,3.798160657640295423e-01,1.468674539706370796e-01
2.400000000000000000e+01,2.007465097157693501e-01,2.096929609623127688e-01,5.691159214639940345e-01,9.974168917846111260e-01,7.957132058979790035e-01,2.773064519349853763e-01,4.000925118373999667e-01,1.495600092830274563e-01
2.500000000000000000e+01,2.049681898631163512e-01,2.072250464695436778e-01,5.538944162526122650e-01,9.706525053882728571e-01,7.684159505806789081e-01,2.803633955536218303e-01,4.169181092270305422e-01,1.500458603580222261e-01
2.600000000000000000e+01,2.096634442034555623e-01,2.030370624451398320e-01,5.085096568019717989e-01,9.448666126085639716e-01,7.236860452402600341e-01,2.814785021338114257e-01,4.301408335642941672e-01,1.494615330167516076e-01
2.700000000000000000e+01,2.108623992756201160e-01,1.945555654531612999e-01,4.864057837820081609e-01,9.324118464220985114e-01,6.795668494769042667e-01,2.730651810184853145e-01,4.341190657536330155e-01,1.465743760641079751e-01
2.800000000000000000e+01,2.112448110894869502e-01,1.819054139956765015e-01,4.578727427465358324e-01,9.099182477011176218e-01,6.204680291986427454e-01,2.649070623226591481e-01,4.350306895448867173e-01,1.442208716631924181e-01
2.900000000000000000e+01,2.108477715013191978e-01,1.741291846932064291e-01,4.292433151268306157e-01,8.826016628249198082e-01,5.594655085792188398e-01,2.526489874584900708e-01,4.261680867903181458e-01,1.388375895101993107e-01
3.000000000000000000e+01,2.132140752047480270e-01,1.695491240754869178e-01,4.135223759071746108e-01,8.891502039271343971e-01,5.032982509970144180e-01,2.407722795671663474e-01,4.183221143496633765e-01,1.323645381717878378e-01
3.100000000000000000e+01,2.142852984620348678e-01,1.629820370451409983e-01,3.890245108967124721e-01,8.729886030066631442e-01,4.405056564975157185e-01,2.280341002536206141e-01,4.115491936380830107e-01,1.292937504096166035e-01
3.200000000000000000e+01,2.100675364685184454e-01,1.528045018650220910e-01,3.924962564008821486e-01,8.613101536991677465e-01,3.858152816991932688e-01,2.152016240378852030e-01,3.991550282308642950e-01,1.278866107639193839e-01
3.300000000000000000e+01,2.040657084308007962e-01,1.453375455049142617e-01,3.758407068874995982e-01,8.641479419135459361e-01,3.501726199329641132e-01,2.082638796551641580e-01,3.900865917950613881e-01,1.249506074935208821e-01
3.400000000000000000e+01,2.034385426076489034e-01,1.490921817156534435e-01,4.105599904009833989e-01,8.975078872580658507e-01,3.661691359720392613e-01,2.089127259295120442e-01,3.817095789052322719e-01,1.264990618873751693e-01
3.500000000000000000e+01,1.985447684732258300e-01,1.544438574277463561e-01,4.194505426528769565e-01,8.998506820385110405e-01,3.644333938250821081e-01,2.085175148131318545e-01,3.685996973982901270e-01,1.275830844471753100e-01
3.600000000000000000e+01,1.852112909876838798e-01,1.609012361508354305e-01,4.297440551863815905e-01,8.894192504901689000e-01,4.022973876030077611e-01,2.022560437815729417e-01,3.395228166111299850e-01,1.235413781657806881e-01
3.700000000000000000e+01,1.763648832689485024e-01,1.663707176881017991e-01,4.171871557900652672e-01,8.816367521415698905e-01,4.216906818029602655e-01,1.976558699741896852e-01,3.163025309596998458e-01,1.229688052860019032e-01
3.800000000000000000e+01,1.646362815924215517e-01,1.704858240512564516e-01,4.234930325650377858e-01,8.673072799522887344e-01,4.579302090027179140e-01,1.996078942125961153e-01,3.001291755777368842e-01,1.251634938516502926e-01
3.900000000000000000e+01,1.530348893102614904e-01,1.755190844620490298e-01,4.315884607995741917e-01,8.696069750405972520e-01,5.045732182534926613e-01,2.033669709976765883e-01,2.903983099343067087e-01,1.263880475288414462e-01
4.000000000000000000e+01,1.459341497281874123e-01,1.813790753310988157e-01,4.334015211821218849e-01,8.735886029632561334e-01,5.498835327813516027e-01,2.062917422270939827e-01,2.899041001311399857e-01,1.287937939808316279e-01
4.100000000000000000e+01,1.459341497281874123e-01,1.813790753310988157e-01,4.334015211821218849e-01,8.735886029632561334e-01,5.498835327813516027e-01,2.062917422270939827e-01,2.899041001311399857e-01,1.287937939808316279e-01
4.200000000000000000e+01,1.459341497281874123e-01,1.813790753310988157e-01,4.334015211821218849e-01,8.735886029632561334e-01,5.498835327813516027e-01,2.062917422270939827e-01,2.899041001311399857e-01,1.287937939808316279e-01
4.300000000000000000e+01,1.389308415713676748e-01,1.805437249344142847e-01,4.231411823510496384e-01,8.811866868715614309e-01,5.764572356912671669e-01,2.079512109794820485e-01,2.807889070596252812e-01,1.285947517662370254e-01
4.400000000000000000e+01,1.408494308970862363e-01,1.784078086762249382e-01,4.337612077037712455e-01,8.947364464485526581e-01,6.053110429203382159e-01,2.094024951583374483e-01,2.748286114525119173e-01,1.306666715118598998e-01
4.500000000000000000e+01,1.412966228542856806e-01,1.777978827299277198e-01,4.253162801475450228e-01,9.020393627682858906e-01,6.350560995407438236e-01,2.181287461596009836e-01,2.886100645260195052e-01,1.343330186562827488e-01
4.600000000000000000e+01,1.452957518640544954e-01,1.751698463506145831e-01,4.485143629272683730e-01,9.081804158721176190e-01,6.701982824576774300e-01,2.273194289949186653e-01,3.038613477065139068e-01,1.386202625777285535e-01
4.700000000000000000e+01,1.522888728209147169e-01,1.753822102882332812e-01,4.464905058686342021e-01,9.251739714559534811e-01,6.893311500330223662e-01,2.358508171456736024e-01,3.197648728946760333e-01,1.434066792971931403e-01
4.800000000000000000e+01,1.697513008131460721e-01,1.741699334930447152e-01,4.441302100010789955e-01,9.284607800993184279e-01,6.947867874267539268e-01,2.425351875806822932e-01,3.315587771350463342e-01,1.506184332378009971e-01
4.900000000000000000e+01,1.845436375749491542e-01,1.759829938755923806e-01,4.470027391794217375e-01,9.342716634403580578e-01,7.006277099471615033e-01,2.483855136702832755e-01,3.558933857358999586e-01,1.575812538050378742e-01
5.000000000000000000e+01,1.967228269419954434e-01,1.751881310684907100e-01,4.419148858252560652e-01,9.392466739642025830e-01,7.018872657985725239e-01,2.544994009075561836e-01,3.694198976001629720e-01,1.599702828006841770e-01
5.100000000000000000e+01,2.021476415255929471e-01,1.747811654906187839e-01,4.364900712416585615e-01,9.474993507724738251e-01,6.999634522677465887e-01,2.637376240093519120e-01,3.845784511399996664e-01,1.624836478778882709e-01
5.200000000000000000e+01,2.051573060880068078e-01,1.731587885944937399e-01,4.314494969437154825e-01,9.404978710874415393e-01,6.840588822385629264e-01,2.691162043777482471e-01,4.071133210813296932e-01,1.639605306617702152e-01
5.300000000000000000e+01,2.078216506928168006e-01,1.723545222181986913e-01,4.183390930162625421e-01,9.306596480290529882e-01,6.602989361995310613e-01,2.732318331614135842e-01,4.202263371113363344e-01,1.647324069663990143e-01
5.400000000000000000e+01,2.095652291474351669e-01,1.708376742652445712e-01,4.081106218363458327e-01,9.336191602224350738e-01,6.327475233037525015e-01,2.719633961613197592e-01,4.236126668619987767e-01,1.619108137878541298e-01
5.500000000000000000e+01,2.105510366512148845e-01,1.699850839917053658e-01,3.918001310703117523e-01,9.123140681634037685e-01,6.048763890553966460e-01,2.743931739568044037e-01,4.380408765278111516e-01,1.612998430005354311e-01
5.600000000000000000e+01,2.068112894250319911e-01,1.657840394545328500e-01,3.716352217759858467e-01,9.001638731347038069e-01,5.683727782874563594e-01,2.700547328253053436e-01,4.384073545161002450e-01,1.607661904488073279e-01
5.700000000000000000e+01,2.053187340258276206e-01,1.647062859408616742e-01,3.554132812865234414e-01,8.868813316489596588e-01,5.287403910806518503e-01,2.632812896932142932e-01,4.362727443091878321e-01,1.578529124706263276e-01
5.800000000000000000e+01,2.041931790354231113e-01,1.598543054472983116e-01,3.340977408172771113e-01,8.888025330772321153e-01,4.876089182182585802e-01,2.570101538822065490e-01,4.337732233755184907e-01,1.555427689721027851e-01
5.900000000000000000e+01,2.000626612672014304e-01,1.546235700834433235e-01,3.495250797098932161e-01,9.070404943176675339e-01,4.471317770455761065e-01,2.473310078693403413e-01,4.279174118705546537e-01,1.510643191437236188e-01
6.000000000000000000e+01,1.783302292303790004e-01,1.552303615066760734e-01,3.411209009535052794e-01,9.421521156347223425e-01,3.488605608202228203e-01,2.170562168510372647e-01,4.001907268934203343e-01,1.370041547277325023e-01
6.100000000000000000e+01,1.547907446468823889e-01,1.513150809888821891e-01,3.257781941836301320e-01,9.242947377363661676e-01,3.338012671774280293e-01,1.987265708109658136e-01,3.600024842631809885e-01,1.277714170412996564e-01
6.200000000000000000e+01,1.118955801402071182e-01,1.527326690447943225e-01,3.128347036093608868e-01,8.644702753686769325e-01,3.290166789297511718e-01,1.632649277517105035e-01,2.640654428798456799e-01,1.093069865094554449e-01
6.300000000000000000e+01,1.013014510953799407e-01,1.389970257198268055e-01,2.906064042366556244e-01,8.080487756988127268e-01,3.334695532010757968e-01,1.462060657627080318e-01,2.261380364711068902e-01,9.903417104736471355e-02
6.400000000000000000e+01,9.832215222515340580e-02,1.279727121943505797e-01,2.856821338049174153e-01,7.331601872986028834e-01,3.223705988451265325e-01,1.204954015365461428e-01,1.773058240700455535e-01,8.481388474482930151e-02
6.500000000000000000e+01,9.540714372903058571e-02,1.283395493467408000e-01,2.906086898263900986e-01,6.581764857141549907e-01,2.991107398400070227e-01,1.005827233950649380e-01,1.331559034504006256e-01,7.510724635258481108e-02
6.600000000000000000e+01,9.063413900378120003e-02,1.347648318597010342e-01,2.982226268924005885e-01,5.971229042517953722e-01,2.725687605314734974e-01,8.641262979549786671e-02,9.686917017963797560e-02,6.909745908473274856e-02
6.700000000000000000e+01,8.203836060441282996e-02,1.474219380402354285e-01,3.094401668629623847e-01,5.259087048146794396e-01,2.347573564447412997e-01,7.115625493568708548e-02,5.306515916133495991e-02,6.345972741238742332e-02
6.800000000000000000e+01,7.588933098447379899e-02,1.564322225429359836e-01,3.164377744900917500e-01,4.861407321993626574e-01,2.109717541807732410e-01,6.302152416103497246e-02,2.779921499826474435e-02,6.078118910325965019e-02
6.900000000000000000e+01,6.828348759505260823e-02,1.674142200070418418e-01,3.243812667065288369e-01,4.434118357028863366e-01,1.835841566077226483e-01,5.449619762473555812e-02,0.000000000000000000e+00,5.819663270748434702e-02
