0.000000000000000000e+00,1.804238449378219589e-01,3.901738949593488437e-01,1.958938052202506552e-01,1.164581238260024298e-01,2.944640544341322608e-01,2.132122843488812314e-01,1.051999436993013848e-01,1.093350472380888033e-01
1.000000000000000000e+00,1.748801859083069232e-01,4.129979966854653295e-01,2.021299688137880024e-01,9.631856619693342225e-02,2.084569540919608832e-01,1.327238304165252736e-01,9.223987042808826087e-02,1.068844142604366970e-01
2.000000000000000000e+00,1.714340387700099555e-01,4.361819291852979674e-01,2.082460718327682481e-01,8.194720121500199961e-02,1.453035393674816933e-01,7.279483383821093445e-02,8.261818183981312069e-02,1.051878805381238069e-01
3.000000000000000000e+00,1.698961909364083422e-01,4.595615698199795318e-01,2.142218127145197326e-01,7.291004654473884350e-02,1.032228968673365999e-01,3.178883579118650660e-02,7.607876179502365277e-02,1.041874322590388285e-01
4.000000000000000000e+00,1.700774298209792867e-01,4.829727959506430190e-01,2.200368898963709074e-01,6.877311985067456612e-02,8.043411319816733129e-02,8.069377452700114348e-03,7.236549415426746235e-02,1.038250556110703882e-01
5.000000000000000000e+00,1.717885428372001033e-01,5.062514849384213145e-01,2.256710018156501407e-01,6.910243879733982131e-02,7.515627496661575480e-02,0.000000000000000000e+00,7.122226277809223793e-02,1.040427367821070703e-01
6.000000000000000000e+00,1.748403173985479953e-01,5.292335141444474145e-01,2.311038469096858838e-01,7.346402104926524901e-02,8.560846877932341836e-02,5.944244610334288755e-03,7.239295152704558478e-02,1.047824619600375984e-01
7.000000000000000000e+00,1.790435409185003046e-01,5.517547609298540934e-01,2.363151236158065327e-01,8.142388427098151693e-02,1.100097812429323835e-01,2.426565246095133133e-02,7.562144426167519140e-02,1.059862173327505430e-01
8.000000000000000000e+00,1.842090008105342069e-01,5.736511026557744586e-01,2.412845303713404832e-01,9.254804612701923727e-02,1.465792989640842814e-01,5.332776472909916965e-02,8.065162484252870467e-02,1.075959890881345721e-01
9.000000000000000000e+00,1.901474844881270443e-01,5.947584166833412844e-01,2.459917656136161312e-01,1.064025242819090639e-01,1.935361085494208822e-01,9.149412259202598097e-02,8.722737713015374372e-02,1.095537634140783395e-01
1.000000000000000000e+01,1.966697793647560200e-01,6.149125803736875673e-01,2.504165277799619282e-01,1.225533364001816367e-01,2.490992966055841085e-01,1.371282672269800718e-01,9.509258498509798319e-02,1.118015264984704854e-01
1.100000000000000000e+01,2.035866728538984205e-01,6.339494710879463035e-01,2.545385153077062146e-01,1.405665001463676234e-01,3.114879497392156193e-01,1.885937398112096375e-01,1.039911322679090561e-01,1.142812645291996360e-01
1.200000000000000000e+01,2.107089523690315047e-01,6.517049661872502675e-01,2.583374266341773584e-01,1.600080331849976500e-01,3.789211545569571293e-01,2.442540815219627071e-01,1.136669028391346370e-01,1.169349636941544313e-01
1.300000000000000000e+01,2.178474053236325036e-01,6.680149430327324556e-01,2.617929601967038944e-01,1.804439531806023012e-01,4.496179976654505195e-01,3.024728335364879062e-01,1.238637805593223451e-01,1.197046101812235391e-01
1.400000000000000000e+01,2.248128191311787039e-01,6.827152789855259751e-01,2.648848144326142462e-01,2.014402777977123415e-01,5.217975656713379484e-01,3.616135370320325282e-01,1.343256492890198273e-01,1.225321901782955442e-01
1.500000000000000000e+01,2.314159812051412302e-01,6.956418514067472803e-01,2.675926877792295100e-01,2.225630247008525409e-01,5.936789451812444218e-01,4.200397331858339300e-01,1.447963928887706364e-01,1.253596898732554088e-01
1.600000000000000000e+01,2.351675767448349330e-01,7.053935729017852818e-01,2.707852854713915236e-01,2.355198829135760064e-01,6.119911807465872045e-01,4.403582128349375902e-01,1.467524808704373795e-01,1.252440072506837421e-01
1.700000000000000000e+01,2.387448393812826031e-01,7.067154288827791619e-01,2.685869111578351176e-01,2.480095613043753200e-01,6.481298657594107837e-01,4.579654315781040985e-01,1.487619608317525544e-01,1.243505005609604197e-01
1.800000000000000000e+01,2.418832361244075135e-01,7.138974591148872229e-01,2.701619745574651010e-01,2.643426532604760126e-01,6.797929276297316470e-01,4.793905813508306801e-01,1.548102204657192116e-01,1.259178787513985376e-01
1.900000000000000000e+01,2.421894310379975879e-01,7.147124957739150464e-01,2.687592216376097354e-01,2.789134054034827503e-01,7.026944465366773418e-01,5.001095008472977721e-01,1.628643196987523134e-01,1.301698218579495359e-01
2.000000000000000000e+01,2.420705125378714850e-01,7.145385673553631412e-01,2.697817589448167630e-01,2.855882118289304050e-01,7.473273101299393595e-01,5.176160029015818287e-01,1.690048018430208576e-01,1.325833820288770670e-01
2.100000000000000000e+01,2.425344564822411730e-01,7.187225570332708147e-01,2.735976675509053657e-01,2.971855969840892508e-01,7.819762780136316760e-01,5.389165713884619402e-01,1.741494426699065345e-01,1.347368585413653841e-01
2.200000000000000000e+01,2.400743805714683210e-01,7.140572305691383903e-01,2.728081134276188480e-01,3.148413538905726061e-01,8.510104897603284480e-01,5.703397738350590718e-01,1.845831253595453803e-01,1.403074217513559652e-01
2.300000000000000000e+01,2.363721321644799978e-01,7.060832193055779360e-01,2.730249172237672051e-01,3.288005251757877279e-01,8.981932248664993290e-01,5.948741974529203613e-01,1.956627701059918956e-01,1.461449448595888434e-01
2.400000000000000000e+01,2.305079130664228759e-01,6.850390941148882806e-01,2.725322548661017752e-01,3.388163751762078291e-01,9.374104428876904871e-01,6.167115171291454034e-01,2.053137749121474176e-01,1.485492018825473048e-01
2.500000000000000000e+01,2.245543028509239258e-01,6.659182936456264912e-01,2.690249680817691225e-01,3.453403088106790086e-01,9.617393882808441541e-01,6.283461148761804171e-01,2.122798103174957929e-01,1.510586249260254810e-01
2.600000000000000000e+01,2.142164830338357806e-01,6.394484107655080685e-01,2.638386653313699037e-01,3.493378310445111601e-01,9.647778773044753953e-01,6.207033765772570488e-01,2.155043623005080677e-01,1.523978737488746460e-01
2.700000000000000000e+01,2.037128244920818620e-01,6.097175722798897635e-01,2.592162142448340423e-01,3.518092325267246356e-01,9.417533950504606288e-01,5.938451883906042950e-01,2.125617361494274715e-01,1.531097668108542531e-01
2.800000000000000000e+01,1.950879973553821811e-01,5.994650987333003389e-01,2.573927972428999289e-01,3.493252920189876543e-01,9.262410025391079049e-01,5.649989579314345090e-01,2.098027460495621443e-01,1.535838228725815990e-01
2.900000000000000000e+01,1.894903336708730901e-01,5.722651209799582972e-01,2.541104039486017929e-01,3.448047710754171269e-01,8.974097380136274449e-01,5.296401194092342779e-01,2.069361630210112268e-01,1.542415149855241030e-01
3.000000000000000000e+01,1.884718412106090868e-01,5.584839229602380772e-01,2.551365816180576340e-01,3.382703208388939120e-01,8.611436403220973368e-01,4.917253421037104388e-01,2.027254773532794763e-01,1.525406568459648782e-01
3.100000000000000000e+01,1.829930960262261264e-01,5.356366050023294578e-01,2.528508386105310368e-01,3.298651288912026192e-01,8.315410234845741488e-01,4.496415410539684188e-01,1.970327597656083563e-01,1.459034674970878243e-01
3.200000000000000000e+01,1.839788252262513080e-01,5.166691042322099081e-01,2.504817717559772450e-01,3.284708701499278738e-01,8.129630414750719236e-01,4.058568818646672294e-01,1.897665967170844847e-01,1.460114649104676809e-01
3.300000000000000000e+01,1.850640576610759203e-01,5.215637735180141954e-01,2.532185151976557580e-01,3.241893996606924899e-01,7.980302755306606377e-01,3.985579555559044529e-01,1.928329951846228796e-01,1.485006637192305134e-01
3.400000000000000000e+01,1.861496945805948822e-01,5.197302443987223963e-01,2.509008178992788718e-01,3.251019171310481903e-01,8.186456469453853302e-01,4.117643808250150417e-01,1.933462862616979749e-01,1.501990949506239181e-01
3.500000000000000000e+01,1.941228968747666095e-01,5.513063420597673625e-01,2.638681927140543171e-01,3.347557533300637433e-01,8.510687355563083534e-01,4.473230347862028888e-01,1.996295515030567513e-01,1.533666145917389478e-01
3.600000000000000000e+01,2.000550694014672781e-01,5.616093761931452155e-01,2.661426101501403463e-01,3.482404640688573916e-01,8.922954335388146863e-01,4.990873680247849276e-01,2.071040241691484707e-01,1.577326223820844087e-01
3.700000000000000000e+01,2.064354109694596651e-01,5.899095523150009734e-01,2.696867050416548728e-01,3.609627211588830598e-01,9.303546118802059617e-01,5.492313355779745443e-01,2.170535386797023125e-01,1.605478358544583928e-01
3.800000000000000000e+01,2.116747012148131046e-01,6.078799983136548013e-01,2.723886627996229826e-01,3.688420830039757514e-01,9.561858134280144528e-01,5.966114592149671658e-01,2.223292325475433595e-01,1.636239419546601237e-01
3.900000000000000000e+01,2.153478267238113641e-01,6.316887763899302621e-01,2.767356598093358988e-01,3.633204624419962281e-01,9.701983766928780062e-01,6.372168687070185467e-01,2.259813248524376594e-01,1.612447629827486739e-01
4.000000000000000000e+01,2.209604563420098089e-01,6.542044168985071684e-01,2.792171734089070601e-01,3.658836819498171300e-01,9.906806726431758303e-01,6.567728947073542267e-01,2.253208013466349857e-01,1.608835581507328805e-01
4.100000000000000000e+01,2.261588936332382671e-01,6.789131734196147683e-01,2.791010863016409882e-01,3.645209730146981575e-01,9.784899084414692139e-01,6.689757934498901104e-01,2.266204106694420517e-01,1.618660514732036537e-01
4.200000000000000000e+01,2.275842976959747133e-01,6.891826353233652114e-01,2.806041514256843450e-01,3.588440303301049794e-01,9.960000508580019174e-01,6.654575855788114058e-01,2.241198862892386234e-01,1.587899453730019228e-01
4.300000000000000000e+01,2.319499010016259355e-01,7.009592071981018968e-01,2.838125240209243283e-01,3.494895128048761124e-01,9.773120490116483650e-01,6.587192750563576338e-01,2.205733644895583878e-01,1.580982765457376038e-01
4.400000000000000000e+01,2.318783072107336862e-01,7.029553391645050331e-01,2.836624601993366079e-01,3.348152125801268642e-01,9.448311190894392864e-01,6.455310515984908903e-01,2.169932704602506035e-01,1.559221488903680397e-01
4.500000000000000000e+01,2.320364607262075662e-01,7.087297626604260881e-01,2.823385817948711463e-01,3.278418964502810562e-01,9.281934501585258346e-01,6.288573835297840420e-01,2.130050513743875218e-01,1.525972847031677737e-01
4.600000000000000000e+01,2.303287263468450918e-01,7.175086984656565692e-01,2.829966783925079166e-01,3.233452401036745472e-01,8.934821916319103385e-01,6.185547538811004831e-01,2.105364812850342993e-01,1.517713269573937040e-01
4.700000000000000000e+01,2.274576939866567449e-01,7.037275004459362382e-01,2.819769724781609477e-01,3.245109649926661288e-01,8.964171325737989582e-01,6.281758268198773809e-01,2.159052066325658770e-01,1.542811544855662020e-01
4.800000000000000000e+01,2.267433740165113176e-01,7.019408915511841096e-01,2.821792148253142729e-01,3.247196790949283263e-01,8.939987185865398978e-01,6.395952387095413805e-01,2.231082700687778975e-01,1.579660100506993514e-01
4.900000000000000000e+01,2.232830074567183076e-01,6.815293804223899743e-01,2.748463118022298479e-01,3.177055100109575370e-01,9.025766254986998804e-01,6.462417312063875041e-01,2.284195585897179082e-01,1.619364318100129652e-01
5.000000000000000000e+01,2.206020829028541574e-01,6.673432932236686987e-01,2.709875278185447933e-01,3.079436763985619607e-01,9.180853776478037354e-01,6.480679796011817873e-01,2.298522433769518980e-01,1.616613822178844528e-01
5.100000000000000000e+01,2.147512117997091574e-01,6.443649222248049035e-01,2.662951008798938868e-01,3.083647449653351691e-01,9.297588059254926485e-01,6.490253948726053546e-01,2.321942097569870689e-01,1.632975228063546780e-01
5.200000000000000000e+01,2.061603613773311805e-01,6.158843459292883127e-01,2.654003807360876821e-01,3.051871132068625370e-01,9.362406731517558534e-01,6.421054707224080893e-01,2.357989773526475985e-01,1.654700100994754564e-01
5.300000000000000000e+01,1.984626131599821763e-01,5.897999369628440514e-01,2.600555199855203448e-01,2.912554468808600805e-01,9.056519226295131064e-01,6.150931738672245075e-01,2.313148600315645675e-01,1.653749561963133996e-01
5.400000000000000000e+01,1.904416816718822458e-01,5.623596953010840949e-01,2.559560676087229147e-01,2.774710129835853967e-01,8.635818740593776965e-01,5.773478756486152275e-01,2.250222916422367214e-01,1.630422929642472429e-01
5.500000000000000000e+01,1.820293606814588072e-01,5.237736250847842001e-01,2.509893494867517783e-01,2.667377588172324399e-01,8.175193593141072412e-01,5.280853813655047579e-01,2.169404346470623357e-01,1.610182009933545377e-01
5.600000000000000000e+01,1.740364843707218889e-01,4.857857490673723744e-01,2.462899630320369571e-01,2.558846760601842241e-01,7.683434485487835586e-01,4.768832372397253105e-01,2.081952465464367019e-01,1.587849874613488088e-01
5.700000000000000000e+01,1.666837943132901123e-01,4.493549101133241797e-01,2.419837713900141185e-01,2.450302787278794692e-01,7.168352255013483720e-01,4.249080841991479951e-01,1.989763027734523793e-01,1.563982154789625711e-01
5.800000000000000000e+01,1.601920320827769917e-01,4.154399510871026324e-01,2.381966377061124351e-01,2.342930808357501504e-01,6.637757739097258636e-01,3.733265631716305988e-01,1.894731787611959595e-01,1.539134481569240376e-01
5.900000000000000000e+01,1.547819392527960691e-01,3.849997148531695834e-01,2.350544251257610517e-01,2.237915963992278545e-01,6.099461775118395490e-01,3.233053150850314639e-01,1.798754499427542286e-01,1.513862486059615042e-01
6.000000000000000000e+01,1.506742573969606647e-01,3.589930442759877161e-01,2.326829967943889743e-01,2.136443394337446677e-01,5.561275200456122780e-01,2.760109808672091547e-01,1.703726917512139172e-01,1.488721799368030729e-01
6.100000000000000000e+01,1.480897280888845147e-01,3.383787822200197137e-01,2.312082158574254309e-01,2.039698239547323433e-01,5.031008852489676775e-01,2.326102014460213196e-01,1.611544796196618945e-01,1.464268052601770398e-01
6.200000000000000000e+01,1.472490929021809947e-01,3.241157715497280378e-01,2.307559454602994831e-01,1.948865639776226899e-01,4.516473568598293187e-01,1.942696177493261900e-01,1.524103889811849188e-01,1.441056876868115344e-01
6.300000000000000000e+01,1.483730934104637023e-01,3.171628551295753162e-01,2.314520487484403588e-01,1.865130735178475718e-01,4.025480186161201623e-01,1.621558707049818859e-01,1.443299952688695542e-01,1.419643903274348251e-01
6.400000000000000000e+01,1.516824711873459852e-01,3.184788758240233997e-01,2.334223888672772029e-01,1.789678665908389088e-01,3.565839542557632247e-01,1.374356012408465832e-01,1.371028739158025866e-01,1.400584762927750693e-01
6.500000000000000000e+01,1.573979678064415244e-01,3.290226764975351381e-01,2.367928289622389382e-01,1.723694572120283430e-01,3.145362475166836869e-01,1.212754502847791377e-01,1.309186003550709687e-01,1.384435086935604797e-01
6.600000000000000000e+01,1.657403248413637231e-01,3.497531000145737146e-01,2.416892321787549036e-01,1.668363593968479330e-01,2.771859821368027332e-01,1.148420587646370727e-01,1.259667500197610701e-01,1.371750506405193526e-01
6.700000000000000000e+01,1.769302838657260957e-01,3.816289892396003691e-01,2.482374616622541330e-01,1.624870871607293210e-01,2.453142418540455449e-01,1.193020676082785086e-01,1.224368983429600516e-01,1.363086652443797064e-01
6.800000000000000000e+01,1.911885864531421286e-01,4.256091870370778962e-01,2.565633805581658544e-01,1.594401545191045655e-01,2.197021104063332508e-01,1.358221177435624538e-01,1.205186207577542967e-01,1.358999156158699206e-01
6.900000000000000000e+01,2.087359741772255584e-01,4.826525362714692569e-01,2.667928520119190461e-01,1.578140754874052532e-01,2.011306715315916427e-01,1.655688500983454048e-01,1.204014926972309107e-01,1.360043648657181525e-01
0.000000000000000000e+00,3.232882805348400446e-01,5.515266919792600753e-01,3.323278239243053767e-01,2.846824280205029201e-01,4.655582696600196191e-01,5.662290583737317196e-01,3.077711463382796775e-01,2.787643234061827902e-01
1.000000000000000000e+00,3.070843343921945134e-01,5.022874962959847922e-01,3.125105088249476859e-01,2.533528664964329602e-01,3.368064589140135623e-01,3.696023144349060985e-01,2.697561051225159101e-01,2.658050461244223506e-01
2.000000000000000000e+00,2.949490017531243291e-01,4.653790861438707460e-01,2.972071082587450230e-01,2.297588213307574234e-01,2.377607454223055472e-01,2.186643236861627315e-01,2.404537981662885904e-01,2.557050491979574458e-01
3.000000000000000000e+00,2.865467436165101134e-01,4.398188070459924104e-01,2.860762959019699792e-01,2.132959759201726313e-01,1.661687510267533252e-01,1.098250914979010395e-01,2.191853472304516048e-01,2.482467237096094570e-01
4.000000000000000000e+00,2.815420209812324326e-01,4.246240045254245365e-01,2.787767454308953119e-01,2.033600136613749054e-01,1.197780975692146893e-01,3.949462324052045725e-02,2.052718740758588123e-01,2.432124607421996265e-01
5.000000000000000000e+00,2.795992948461719640e-01,4.188120241052418202e-01,2.749671305217936124e-01,1.993466179510605119e-01,9.633640689154719661e-02,4.082924284420334435e-03,1.980345004633640715e-01,2.403846513785493078e-01
6.000000000000000000e+00,2.803830262102093851e-01,4.214002113085187906e-01,2.743061248509374717e-01,2.006514721859257444e-01,9.359130083560847357e-02,0.000000000000000000e+00,1.967943481538212136e-01,2.395456867014797431e-01
7.000000000000000000e+00,2.803830262102093851e-01,4.214002113085187906e-01,2.743061248509374717e-01,2.006514721859257444e-01,9.359130083560847357e-02,0.000000000000000000e+00,1.967943481538212136e-01,2.395456867014797431e-01
8.000000000000000000e+00,2.835576760722253176e-01,4.314059116583301989e-01,2.764524020945995364e-01,2.066702597626669802e-01,1.092904012432563687e-01,2.365585575765938309e-02,2.008725389080839585e-01,2.404779577938122859e-01
9.000000000000000000e+00,2.887877054311003278e-01,4.478464706777505744e-01,2.810646359290524532e-01,2.167986640779804575e-01,1.411813299563485224e-01,7.146049692779704587e-02,2.095901944870062761e-01,2.429638557383682618e-01
1.000000000000000000e+01,2.957375752857151485e-01,4.697392338898547237e-01,2.878015000305688131e-01,2.304323685285624146e-01,1.870117088167425334e-01,1.398239288808127423e-01,2.222684366514419141e-01,2.467857716179689131e-01
1.100000000000000000e+01,3.040717466349504017e-01,4.961015468177170096e-01,2.963216680754212629e-01,2.469670565111092841e-01,2.445291596662962919e-01,2.251561569871060875e-01,2.382283871622447036e-01,2.517260965154356489e-01
1.200000000000000000e+01,3.134546804776866535e-01,5.259507549844123497e-01,3.062838137398824490e-01,2.657984114223173600e-01,3.114813043468672715e-01,3.238671866170763636e-01,2.567911677802686699e-01,2.575672215135896836e-01
1.300000000000000000e+01,3.235508378128046370e-01,5.583042039130151624e-01,3.173466107002250736e-01,2.863221166588828526e-01,3.856157647003132793e-01,4.323670231411224640e-01,2.772779002663672832e-01,2.640915376952523985e-01
1.400000000000000000e+01,3.340246796391848627e-01,5.921792391266005318e-01,3.291687326327215612e-01,3.079338556175020281e-01,4.646801625684918724e-01,5.470656719296442816e-01,2.990097063813946798e-01,2.710814361432450359e-01
1.500000000000000000e+01,3.445406669557081192e-01,6.265932061482426541e-01,3.414088532136447807e-01,3.300293116948713190e-01,5.464221197932611629e-01,6.643731383530414591e-01,3.213077078862046077e-01,2.783193079403889492e-01
1.600000000000000000e+01,3.547632607612507538e-01,6.605634505010040680e-01,3.537256461192631596e-01,3.520041682876822731e-01,6.285892582164671616e-01,7.806994277816979855e-01,3.434930265416468176e-01,2.855875441695027162e-01
1.700000000000000000e+01,3.611767999214291480e-01,6.839298314898656361e-01,3.625434709561870528e-01,3.654665639539265154e-01,6.799927635653343350e-01,8.416120085680809382e-01,3.537617388987138733e-01,2.891172491446775683e-01
1.800000000000000000e+01,3.655134212465467880e-01,6.997331921671522403e-01,3.692039607126074152e-01,3.765090548458850939e-01,7.223559774717739357e-01,8.911032298127153917e-01,3.620675106189856773e-01,2.917910697884325000e-01
1.900000000000000000e+01,3.658815253831673164e-01,7.145717569680097858e-01,3.760181086178005505e-01,3.845005449953839416e-01,7.565561022246596323e-01,9.278085311697003013e-01,3.704644640978699277e-01,2.951654280637491246e-01
2.000000000000000000e+01,3.680354833615001042e-01,7.256115039644546183e-01,3.810630771232498826e-01,3.934076519709492348e-01,7.961534694531895440e-01,9.605364504449894758e-01,3.783132716806512086e-01,2.980190793981009056e-01
2.100000000000000000e+01,3.688394447470434434e-01,7.336260006224922803e-01,3.870099429771966526e-01,3.984004864616363939e-01,8.275284371712896547e-01,9.801882301148230336e-01,3.856038020608171246e-01,3.004493265477847785e-01
2.200000000000000000e+01,3.666246989296357284e-01,7.358088750381629461e-01,3.899290256661082643e-01,4.043201244293307961e-01,8.548023364406877045e-01,9.925277393092661882e-01,3.877881539586873760e-01,3.026043398705459131e-01
2.300000000000000000e+01,3.642018391909505604e-01,7.342319793932707839e-01,3.915753629743880526e-01,4.082337637075519332e-01,8.737147418039951097e-01,9.979127397895410923e-01,3.898082942635010539e-01,3.046094942844764786e-01
2.400000000000000000e+01,3.598774598612021203e-01,7.267958114819876858e-01,3.920509011738180782e-01,4.137314749727781793e-01,8.928375828463225305e-01,9.974686508540769880e-01,3.923485083026225784e-01,3.060460291203934702e-01
2.500000000000000000e+01,3.431873987951866711e-01,6.801187716900833902e-01,3.875872163795229808e-01,4.131580008103940549e-01,9.008041668673115732e-01,9.412481313962913765e-01,3.875587220799565635e-01,3.061059726839257533e-01
2.600000000000000000e+01,3.355228543496013294e-01,6.540935559483498363e-01,3.813543521854840801e-01,4.070737291118716739e-01,8.843266521691727222e-01,8.973327169045833829e-01,3.811232317556678684e-01,3.044735659221005641e-01
2.700000000000000000e+01,3.280679013074931927e-01,6.376200515590390028e-01,3.743652281740647569e-01,3.988496410503568068e-01,8.586309149579810507e-01,8.401729409055359588e-01,3.735287621801272051e-01,3.013265288366579475e-01
2.800000000000000000e+01,3.198374811794080230e-01,6.105920475414545745e-01,3.664132079061874214e-01,3.872007492498485415e-01,8.172626797786221031e-01,7.703397447349040750e-01,3.604781619098385570e-01,2.978991922710363949e-01
2.900000000000000000e+01,3.111156926854670157e-01,5.844433565016001753e-01,3.571265990741750440e-01,3.686916965270696234e-01,7.558621077285540002e-01,6.740741809420682795e-01,3.406818000533162194e-01,2.918898500269292984e-01
3.000000000000000000e+01,2.993524015489218426e-01,5.471886428351984133e-01,3.455726882722213733e-01,3.469689089509740976e-01,6.830481967543930999e-01,5.560071008787793589e-01,3.206842895487437839e-01,2.856734492059731512e-01
3.100000000000000000e+01,2.905770015580189658e-01,5.125334535647934064e-01,3.352155380520557282e-01,3.289843624091022267e-01,6.161475916813563547e-01,4.411313823669251732e-01,3.002348805599370229e-01,2.792043989288617301e-01
3.200000000000000000e+01,2.806611963778037344e-01,4.812013328304855508e-01,3.256152808559275025e-01,3.147260259749704026e-01,5.523752385629367989e-01,3.349757637979266511e-01,2.800058274877769149e-01,2.711331247405769918e-01
3.300000000000000000e+01,2.766534203765707578e-01,4.547974595078476123e-01,3.161152813804957717e-01,3.079395280938009849e-01,5.157520430024803426e-01,2.818068782892578228e-01,2.686015645257682216e-01,2.664062370458427642e-01
3.400000000000000000e+01,2.760408984703363044e-01,4.405285696294320430e-01,3.095613814113422624e-01,3.062431674596157172e-01,5.056095498390481557e-01,2.672608549639483577e-01,2.643704776434889769e-01,2.637013892758932609e-01
3.500000000000000000e+01,2.786942454321806872e-01,4.364262347674157660e-01,3.064719661316894772e-01,3.053007448850683092e-01,5.106294011471019800e-01,2.593065129383286260e-01,2.630918223340583673e-01,2.620333118723887078e-01
3.600000000000000000e+01,2.830201022441287684e-01,4.372443377682994070e-01,3.062771495502096819e-01,3.086174813545952134e-01,5.221592500960884342e-01,2.799097911447938070e-01,2.634012493204606620e-01,2.612857058793210951e-01
3.700000000000000000e+01,2.957019651711398356e-01,4.660459536322268947e-01,3.148587883040612212e-01,3.184708101446500628e-01,5.492098384844403824e-01,3.447336894516556671e-01,2.738409274749259992e-01,2.624100698333219905e-01
3.800000000000000000e+01,3.037468557487150167e-01,5.036459759955960180e-01,3.218525558309653922e-01,3.286964644490389942e-01,5.888394992524785820e-01,4.396429245851317114e-01,2.915996303091235586e-01,2.685658938840888021e-01
3.900000000000000000e+01,3.143015664458741476e-01,5.402104944058342406e-01,3.279123435387493180e-01,3.396682472642956752e-01,6.346477795109367603e-01,5.220117129450004834e-01,3.023508461388479396e-01,2.700319783640006133e-01
4.000000000000000000e+01,3.203621984292007729e-01,5.640587456606962480e-01,3.295120346232944808e-01,3.460330295118826949e-01,6.684074034994146318e-01,5.734859263705694987e-01,3.083836170292652001e-01,2.696809708071198908e-01
4.100000000000000000e+01,3.242175826949750816e-01,5.773501755295421534e-01,3.310304641868541675e-01,3.495876406155674632e-01,6.933175423181171526e-01,6.161762970498082526e-01,3.118839834293309354e-01,2.682777848551398669e-01
4.200000000000000000e+01,3.272736490906910101e-01,5.879230381508696590e-01,3.316826670435958357e-01,3.518281368370277939e-01,7.112820373158497134e-01,6.544114256901794047e-01,3.142504877755403769e-01,2.691836925124651558e-01
4.300000000000000000e+01,3.313025319804916435e-01,6.022970403343522738e-01,3.345204882115216938e-01,3.516573821085151597e-01,7.155639917995770816e-01,6.796512541083089554e-01,3.156657046540040090e-01,2.691883360279500037e-01
4.400000000000000000e+01,3.327770592158305063e-01,6.164606068388153171e-01,3.375256870057894987e-01,3.509405921727564159e-01,7.158109423958189943e-01,6.961454432484163179e-01,3.170465173041023266e-01,2.689335758829380363e-01
4.500000000000000000e+01,3.338163624089036108e-01,6.243742125694993206e-01,3.386131139047968697e-01,3.518920907093878170e-01,7.137827814733496146e-01,7.033597777608529000e-01,3.175931857180055440e-01,2.700277569862870597e-01
4.600000000000000000e+01,3.333207726653342196e-01,6.257284305400022673e-01,3.391464849789024849e-01,3.499101538728817684e-01,7.099974720776202064e-01,7.083298168118868920e-01,3.201908104940311417e-01,2.702350266320218131e-01
4.700000000000000000e+01,3.321841667159641243e-01,6.223796115998526668e-01,3.396952640816623958e-01,3.491720459796696097e-01,7.123648206993722365e-01,7.111904334194658617e-01,3.223439241968212299e-01,2.717950367660598165e-01
4.800000000000000000e+01,3.314298065185549147e-01,6.193674475323576178e-01,3.398801604255153319e-01,3.493119846508734305e-01,7.185643360094741139e-01,7.141728367740806105e-01,3.237627292463413076e-01,2.725926660850327421e-01
4.900000000000000000e+01,3.281358654886811221e-01,6.099121946606892442e-01,3.405813312637339663e-01,3.463781271399644091e-01,7.176081939573578650e-01,7.085700132037873189e-01,3.238872598888907772e-01,2.733757316508940716e-01
5.000000000000000000e+01,3.235778329024884270e-01,5.990957585452907352e-01,3.381105588880002344e-01,3.457634945448733732e-01,7.154443157413983290e-01,7.029825976621482120e-01,3.229591899985693737e-01,2.741229155061903344e-01
5.100000000000000000e+01,3.196475191822987227e-01,5.841318188263411315e-01,3.356632151585765556e-01,3.431886652085007761e-01,7.072504105305351674e-01,6.932305819372183153e-01,3.242011193218923282e-01,2.747474683389082850e-01
5.200000000000000000e+01,3.142293808869727201e-01,5.694939805357622786e-01,3.319912497544554308e-01,3.396933644616912940e-01,6.972533438293343488e-01,6.775874225441603782e-01,3.243997351433143272e-01,2.738377614416408479e-01
5.300000000000000000e+01,3.088627433997517269e-01,5.549363484217404441e-01,3.305640019495081905e-01,3.340018919594135438e-01,6.748659003322422523e-01,6.526553325613475565e-01,3.217318244283582374e-01,2.729533828106546212e-01
5.400000000000000000e+01,3.032662518960286269e-01,5.367840021157553876e-01,3.293028653575886811e-01,3.282641953711726845e-01,6.491748066365353731e-01,6.164815026584971047e-01,3.170283653799341184e-01,2.728780312184679313e-01
5.500000000000000000e+01,2.986018405914547813e-01,5.158305606279522948e-01,3.248024545771857619e-01,3.175440066676427642e-01,6.123734689365675221e-01,5.718151050715510886e-01,3.104406943890723469e-01,2.715953656002094707e-01
5.600000000000000000e+01,2.914537817091207850e-01,4.996702824649859598e-01,3.194586125296179913e-01,3.082514879068314895e-01,5.720930827939874064e-01,5.217609631088161448e-01,3.026522525075945880e-01,2.694844656745547518e-01
5.700000000000000000e+01,2.844263486949535902e-01,4.755089896690610218e-01,3.146189612827139381e-01,2.961177708759258342e-01,5.239192743829237386e-01,4.547703371560420926e-01,2.923282137188720209e-01,2.671086742973775019e-01
5.800000000000000000e+01,2.778369363857848273e-01,4.522611347233461698e-01,3.100371167118670668e-01,2.841830204132642645e-01,4.757100110549889460e-01,3.886378521093864502e-01,2.819619021778815848e-01,2.647008004495753353e-01
5.900000000000000000e+01,2.718733697062587495e-01,4.305368231057374873e-01,3.058585968459611171e-01,2.727553520846015545e-01,4.285819046385754838e-01,3.252297402565825779e-01,2.718370674098993800e-01,2.623282014892919234e-01
6.000000000000000000e+01,2.667234735810171675e-01,4.109461602941236746e-01,3.022289197138761097e-01,2.621428814556904796e-01,3.836515669620666480e-01,2.664122338853581740e-01,2.622374589401989531e-01,2.600582347746689393e-01
6.100000000000000000e+01,2.625750729347018364e-01,3.940992517663935990e-01,2.992936033444925648e-01,2.526537240922830385e-01,3.420356098538460121e-01,2.140515652834414639e-01,2.534468262940537397e-01,2.579582576638480007e-01
6.200000000000000000e+01,2.596159926919545113e-01,3.806062030004357388e-01,2.971981657666907251e-01,2.445959955601318681e-01,3.048506451422970942e-01,1.700139667385590359e-01,2.457489189967373422e-01,2.560956275149707251e-01
6.300000000000000000e+01,2.580340577774167810e-01,3.710771194741391832e-01,2.960881250093508887e-01,2.382778114249892443e-01,2.732132846558038564e-01,1.361656705384391708e-01,2.394274865735233071e-01,2.545377016861787300e-01
6.400000000000000000e+01,2.580170931157304559e-01,3.661221066653929102e-01,2.961089991013536316e-01,2.340072872526075265e-01,2.482401402227487897e-01,1.143729089708095392e-01,2.347662785496848759e-01,2.533518375356137442e-01
6.500000000000000000e+01,2.597529236315374024e-01,3.663512700520852872e-01,2.974063060715788631e-01,2.320925386087390463e-01,2.310478236715167999e-01,1.065019143233978394e-01,2.320490444504957062e-01,2.526053924214173851e-01
6.600000000000000000e+01,2.634293742494792645e-01,3.723747151121054588e-01,3.001255639489071592e-01,2.328416810591361630e-01,2.227529468304911831e-01,1.144189188839317972e-01,2.315595338012292892e-01,2.523657237017312704e-01
6.700000000000000000e+01,2.692342698941976309e-01,3.848025473233419036e-01,3.044122907622188734e-01,2.365628301695513469e-01,2.244721215280547355e-01,1.399901549401398604e-01,2.335814961271590606e-01,2.527001887346970732e-01
6.800000000000000000e+01,2.773554354903345898e-01,4.042448721636839881e-01,3.104120045403941930e-01,2.435641015057369296e-01,2.373219595925917524e-01,1.850818547797482561e-01,2.383986809535584006e-01,2.536761448784563555e-01
6.900000000000000000e+01,3.174948012336726300e-01,5.107598572382295865e-01,3.401442479529055429e-01,2.873298045264396361e-01,3.538215722718775491e-01,4.561420598762584433e-01,2.724590656883101869e-01,2.611265335559120881e-01
0.000000000000000000e+00,3.026091125431044082e-01,4.105891365360965217e-01,2.931891959537784587e-01,2.789979834145468462e-01,5.278029090458807859e-01,4.831183719414058331e-01,2.790006911128414258e-01,2.446527646182697913e-01
1.000000000000000000e+00,2.879316194938283391e-01,3.798451564715842332e-01,2.866539174536892332e-01,2.430642298657460509e-01,3.502328837759047242e-01,3.158663349481672933e-01,2.444005618628344312e-01,2.359535378484877988e-01
2.000000000000000000e+00,2.763063579103556267e-01,3.573987282347040884e-01,2.817343554909041980e-01,2.155301527681502127e-01,2.125917113227979993e-01,1.873617463732581701e-01,2.174994344893063924e-01,2.290889948516334762e-01
3.000000000000000000e+00,2.675018148247817473e-01,3.425646612453406847e-01,2.782965866599085292e-01,1.957389342563560508e-01,1.118483092308708293e-01,9.456371240383278087e-02,1.977097994379504453e-01,2.239230704538014427e-01
4.000000000000000000e+00,2.612864772692020665e-01,3.346577649233785645e-01,2.762066875551874578e-01,1.830337564649602566e-01,4.497159504443333511e-02,3.443133922704512406e-02,1.844441471544597810e-01,2.203196994810861509e-01
5.000000000000000000e+00,2.574288322757120606e-01,3.329928486887023253e-01,2.753307347712261044e-01,1.767578015285596049e-01,8.930486307795705223e-03,3.923733030049532736e-03,1.771149680845274799e-01,2.181428167595823031e-01
6.000000000000000000e+00,2.556973668764070950e-01,3.368847219611965094e-01,2.755348049025097557e-01,1.762542515817508426e-01,6.939005652681829632e-04,0.000000000000000000e+00,1.751347526738467053e-01,2.172563571153844075e-01
7.000000000000000000e+00,2.558605681033827017e-01,3.456481941607455477e-01,2.766849745435236430e-01,1.808662887591306334e-01,1.723075536116085854e-02,1.961924632405080693e-02,1.779159913681106764e-01,2.175242553745870278e-01
8.000000000000000000e+00,2.576869229887343571e-01,3.585980747072342600e-01,2.786473202887528311e-01,1.899370951952957243e-01,5.550996823978383149e-02,5.974057818935615827e-02,1.848711746130124178e-01,2.188104463632847829e-01
9.000000000000000000e+00,2.609449185645573155e-01,3.750491730205469110e-01,2.812879187326827179e-01,2.028098530248428066e-01,1.125004567454474802e-01,1.173231017830702050e-01,1.954127928542451764e-01,2.209788649075722644e-01
1.000000000000000000e+01,2.654030418629471644e-01,3.943162985205682647e-01,2.844728464697983128e-01,2.188277443823686552e-01,1.851711384224616064e-01,1.893259232923469593e-01,2.089533365375019769e-01,2.238934458335439803e-01
1.100000000000000000e+01,2.708297799159993802e-01,4.157142606271828633e-01,2.880681800945850135e-01,2.373339514024700725e-01,2.704909308151370873e-01,2.727081489043404749e-01,2.249052961084761215e-01,2.274181239672946053e-01
1.200000000000000000e+01,2.708297799159993802e-01,4.157142606271828633e-01,2.880681800945850135e-01,2.373339514024700725e-01,2.704909308151370873e-01,2.727081489043404749e-01,2.249052961084761215e-01,2.274181239672946053e-01
1.300000000000000000e+01,2.769936197558092728e-01,4.385578687602751935e-01,2.919399962015279404e-01,2.576716562197436944e-01,3.654287514677829751e-01,3.644288848062053887e-01,2.426811620128606906e-01,2.314168341349186475e-01
1.400000000000000000e+01,2.836630484144722630e-01,4.621619323397298529e-01,2.959543713851122693e-01,2.791840409687861291e-01,4.669535179247105705e-01,4.614472371850960042e-01,2.616934246963485977e-01,2.357535111625106705e-01
1.500000000000000000e+01,2.906065529240838829e-01,4.858412607854313281e-01,2.999773822398232315e-01,3.012142877841942901e-01,5.720341477302297584e-01,5.607223122281653760e-01,2.813545746046335339e-01,2.402920898761652657e-01
1.600000000000000000e+01,2.975926203167358897e-01,5.089106635172561122e-01,3.038751053601422281e-01,3.231055788005601781e-01,6.776395584286385443e-01,6.592132161225557896e-01,3.010771021834042771e-01,2.448965051019745265e-01
1.700000000000000000e+01,3.026508979870839444e-01,5.189111212916672766e-01,3.031824071577322588e-01,3.340949390592199419e-01,7.373836770144974739e-01,7.106623190851673044e-01,3.115942977863248031e-01,2.474306972910381708e-01
1.800000000000000000e+01,3.047077425933421013e-01,5.265230271275777030e-01,3.032217974034360219e-01,3.427356559177893169e-01,7.953801125936027505e-01,7.555741961390640693e-01,3.204482920936720936e-01,2.502014901006781034e-01
1.900000000000000000e+01,3.052459895691765346e-01,5.342378140657538799e-01,3.039691754863954043e-01,3.508845129977675725e-01,8.440102215248579398e-01,7.927381155215604824e-01,3.277930180393150428e-01,2.517128316332089555e-01
2.000000000000000000e+01,3.082036268995563266e-01,5.426642168901320007e-01,3.052636115212019052e-01,3.594886902205195467e-01,8.876333637637211504e-01,8.208161046104927028e-01,3.348490549473655542e-01,2.538305756324960027e-01
2.100000000000000000e+01,3.111724075231285802e-01,5.427108632337286354e-01,3.051366298080778194e-01,3.653596508548623278e-01,9.188112615310030096e-01,8.397262731582137985e-01,3.406966924099099625e-01,2.554761549760438677e-01
2.200000000000000000e+01,3.137910814233728640e-01,5.455614731201895440e-01,3.070271024555079054e-01,3.697765413007566560e-01,9.434835492446745908e-01,8.512007553902786183e-01,3.462214335162242529e-01,2.577561245925059086e-01
2.300000000000000000e+01,3.145418284089253058e-01,5.467714274438154609e-01,3.070193280649085033e-01,3.713125017368523739e-01,9.628389312273903933e-01,8.533988347590930612e-01,3.494703513477296908e-01,2.583200270573185464e-01
2.400000000000000000e+01,3.124580325819224513e-01,5.400279210378624573e-01,3.064206999887517102e-01,3.704373645017088879e-01,9.871152433131973325e-01,8.477999777957307970e-01,3.522007173262525215e-01,2.592664295396234775e-01
2.500000000000000000e+01,3.100596330819956337e-01,5.300422346055901901e-01,3.058422853281534959e-01,3.680314497575359889e-01,9.974373017120716778e-01,8.315214404659195813e-01,3.546188119490312207e-01,2.608998290045655422e-01
2.600000000000000000e+01,3.082450903160866562e-01,5.204569292891889631e-01,3.059086267946020121e-01,3.663104588251736016e-01,9.967324236310560748e-01,8.065122624929389472e-01,3.529659765075905953e-01,2.619903168593135101e-01
2.700000000000000000e+01,3.051120109045128981e-01,5.096722946496478057e-01,3.062382609560182489e-01,3.624077147442554270e-01,9.817123009929406008e-01,7.698062547167496827e-01,3.505346654207928125e-01,2.616485028192915285e-01
2.800000000000000000e+01,3.012680930457971584e-01,4.958341385290003789e-01,3.044667364847594704e-01,3.508344977515778229e-01,9.349692958065229931e-01,7.077863128560815120e-01,3.419113113678954874e-01,2.604053777624412702e-01
2.900000000000000000e+01,2.958900287754588354e-01,4.802280859860406648e-01,3.042062943996782787e-01,3.352929726505933794e-01,8.726458935661233207e-01,6.337388704453752464e-01,3.311440395340264353e-01,2.571256215148914337e-01
3.000000000000000000e+01,2.937621780683924433e-01,4.585888471915632869e-01,3.036377273005060329e-01,3.207097707641665130e-01,8.006887256412527076e-01,5.511217172769078410e-01,3.209619201659416610e-01,2.545916884721811102e-01
3.100000000000000000e+01,2.918193578575928315e-01,4.502925358365490460e-01,3.005886113074061616e-01,3.044934285591508472e-01,7.211999872499994524e-01,4.789370188538271678e-01,3.068011268354175480e-01,2.510157279427926436e-01
3.200000000000000000e+01,2.887111564959372045e-01,4.366738766771591229e-01,2.991876661213873634e-01,2.901849218072374836e-01,6.449873770573496534e-01,3.943832649870395723e-01,2.928950743702017356e-01,2.488295693062304859e-01
3.300000000000000000e+01,2.856553026976512144e-01,4.283407665399741604e-01,2.992065838051793381e-01,2.747519790282919039e-01,5.735015963491584268e-01,3.134417521391045236e-01,2.774626498839627975e-01,2.466996454283376661e-01
3.400000000000000000e+01,2.812980159130192281e-01,4.136790433084929774e-01,2.946992512819781029e-01,2.610509113285479632e-01,4.964050379453524009e-01,2.357004376082517116e-01,2.608005759512460053e-01,2.428614287893948176e-01
3.500000000000000000e+01,2.788946926323794262e-01,4.085707503919551176e-01,2.929722999834895036e-01,2.549381671465626997e-01,4.602839234885941488e-01,2.175112142154519146e-01,2.522101334852197008e-01,2.410782427322369081e-01
3.600000000000000000e+01,2.802456225722085303e-01,4.156534793743970613e-01,2.942631079693496243e-01,2.568861702844287276e-01,4.597138015113019227e-01,2.465166881028973411e-01,2.527670389984927879e-01,2.414679988476220729e-01
3.700000000000000000e+01,2.815512019002076038e-01,4.236209340070550833e-01,2.970149830951975822e-01,2.657414603235425665e-01,4.729942746796161890e-01,2.844575282526309312e-01,2.547917494569399421e-01,2.432597367344394024e-01
3.800000000000000000e+01,2.796545097402979296e-01,4.340233277754571573e-01,2.954663244877894224e-01,2.710036861739492653e-01,4.973377056709317179e-01,3.239597251810850675e-01,2.553610939951721504e-01,2.424009257195547662e-01
3.900000000000000000e+01,2.787565676260627123e-01,4.473245326520366993e-01,2.981902118074793995e-01,2.798169945038261330e-01,5.335997957438931572e-01,3.689034772364396253e-01,2.628449815325450967e-01,2.436554532159508069e-01
4.000000000000000000e+01,2.823820251089342870e-01,4.605454021590885683e-01,3.003755930049815670e-01,2.900408364347945578e-01,5.769928160210129331e-01,4.349777637947149223e-01,2.688022379025415964e-01,2.446142947232149145e-01
4.100000000000000000e+01,2.879391595094129563e-01,4.803019426967353178e-01,3.019214010025033090e-01,3.060755170461366137e-01,6.136646164785648505e-01,5.053352212805742871e-01,2.807799823527432626e-01,2.456552856244797467e-01
4.200000000000000000e+01,2.907501200038166700e-01,4.928765011986205868e-01,3.016537028195293013e-01,3.157017674863614731e-01,6.482824229397450289e-01,5.526252844188394020e-01,2.900421321665611063e-01,2.457314746523542315e-01
4.300000000000000000e+01,2.901325742438679023e-01,5.013308918291567995e-01,3.008770411986453341e-01,3.213330177438881718e-01,6.697032013583782417e-01,5.823882430970235280e-01,2.933900439050327047e-01,2.463337307774574325e-01
4.400000000000000000e+01,2.911359889239021337e-01,5.096158007446252025e-01,3.005144954503582433e-01,3.258551216092283043e-01,6.855041319590303717e-01,6.000218567083168697e-01,2.965350440488589423e-01,2.476100265675319212e-01
4.500000000000000000e+01,2.914819493055771371e-01,5.141886972952149915e-01,2.988891295223689015e-01,3.303614175470162562e-01,7.047517090587672728e-01,6.154418421695966313e-01,3.011610656018781640e-01,2.498099199608197207e-01
4.600000000000000000e+01,2.924506383742671578e-01,5.157518680984087833e-01,2.959861720725385226e-01,3.301494358300048337e-01,7.119666026813996629e-01,6.230923608121509139e-01,3.044185352630429664e-01,2.517428926101935027e-01
4.700000000000000000e+01,2.924506383742671578e-01,5.157518680984087833e-01,2.959861720725385226e-01,3.301494358300048337e-01,7.119666026813996629e-01,6.230923608121509139e-01,3.044185352630429664e-01,2.517428926101935027e-01
4.800000000000000000e+01,2.926763548480042498e-01,5.161760906787847825e-01,2.934268426872033708e-01,3.288713260154572104e-01,7.124514655084512871e-01,6.261277420485249490e-01,3.058311420349609788e-01,2.533260176825924415e-01
4.900000000000000000e+01,2.918958060318205816e-01,5.101423861345605326e-01,2.915203029658677281e-01,3.292286888366780517e-01,7.186803072567216066e-01,6.265045408462445176e-01,3.075692366266420952e-01,2.546772067687748664e-01
5.000000000000000000e+01,2.922041901922649565e-01,5.063813951089054521e-01,2.900447236300942588e-01,3.281273168350908875e-01,7.127181271060119006e-01,6.188957447665738298e-01,3.087442061925706471e-01,2.564251489218820068e-01
5.100000000000000000e+01,2.924203182509293453e-01,5.017711814834383555e-01,2.891270863930072155e-01,3.260704722288327306e-01,7.058478981332881874e-01,6.066842503056822933e-01,3.100966910105196206e-01,2.580969020471146069e-01
5.200000000000000000e+01,2.920663243323016189e-01,4.933712115870982351e-01,2.873239460666440204e-01,3.224621184052799960e-01,6.935392237899036250e-01,5.882763073906849272e-01,3.101995721127855377e-01,2.595779234563077020e-01
5.300000000000000000e+01,2.912367968553414843e-01,4.889548394339104931e-01,2.909076809866319446e-01,3.161156242126049731e-01,6.859058088066682934e-01,5.667091112824289567e-01,3.089351970549635285e-01,2.603646917849708475e-01
5.400000000000000000e+01,2.874055771679381865e-01,4.766427961879328712e-01,2.865428789577538216e-01,3.080118585981034829e-01,6.750867077021363016e-01,5.371151160266061098e-01,3.071229866062343827e-01,2.605898899660012424e-01
5.500000000000000000e+01,2.857185344078599920e-01,4.638549602372696867e-01,2.869067204378075164e-01,3.001128186027205991e-01,6.591629417300126637e-01,5.015444284242880357e-01,3.039264163380985262e-01,2.616244022084332488e-01
5.600000000000000000e+01,2.832001501463485282e-01,4.501139839991152303e-01,2.848203331472715094e-01,2.920860194551535005e-01,6.292983976813293356e-01,4.591068807518391415e-01,3.003196173926656054e-01,2.605346917927452433e-01
5.700000000000000000e+01,2.814581683593676553e-01,4.395115292459542133e-01,2.855731533036505176e-01,2.835616593092224469e-01,5.905122221270834304e-01,4.113516499093743950e-01,2.928955926629083772e-01,2.590184264795014069e-01
5.800000000000000000e+01,2.786917810377341209e-01,4.277128549258928936e-01,2.842403636085534258e-01,2.695268111064092476e-01,5.400989271386705814e-01,3.560757327473659806e-01,2.863407448021684232e-01,2.580590666795306576e-01
5.900000000000000000e+01,2.776704852593211981e-01,4.167875038165018697e-01,2.838259885896033397e-01,2.554455757063527344e-01,4.801754792763177071e-01,2.953818427766087829e-01,2.769661254710120146e-01,2.562530757432811002e-01
6.000000000000000000e+01,2.748605613503307676e-01,4.039242562770241074e-01,2.849193270542377254e-01,2.453336850000162883e-01,4.353597455195006849e-01,2.516721456557385328e-01,2.719464606073078716e-01,2.541218561336217041e-01
6.100000000000000000e+01,2.747835948833963204e-01,3.898285086811820177e-01,2.834608513777829852e-01,2.394749042442793630e-01,4.011423201741915467e-01,2.204133942262224422e-01,2.690375427913512807e-01,2.537305451401165590e-01
6.200000000000000000e+01,2.737770704471222949e-01,3.861310085120889246e-01,2.846925739950874057e-01,2.338462454502858168e-01,3.758506726760980077e-01,2.046816557019051630e-01,2.634459419258816659e-01,2.516923590712971115e-01
6.300000000000000000e+01,2.705338538353898592e-01,3.683608247725988494e-01,3.044511877035606107e-01,2.368189132691578269e-01,3.393548325924468090e-01,2.363858797127690869e-01,2.596344173613302497e-01,2.484177857508135523e-01
6.400000000000000000e+01,2.688716891252299068e-01,3.682250320834620227e-01,3.080185964032896573e-01,2.355814894320805153e-01,3.243702130047355636e-01,2.344858186502662978e-01,2.575578776322202668e-01,2.466296759129427141e-01
6.500000000000000000e+01,2.694668187256200609e-01,3.673527454582105056e-01,3.121445626742984092e-01,2.369185226487155738e-01,3.055290097802942362e-01,2.310081069820804633e-01,2.560465037063980875e-01,2.462244681962437731e-01
6.600000000000000000e+01,2.702774780614733974e-01,3.667824958132296365e-01,3.160308738276359497e-01,2.383218935208209766e-01,2.871345958293298195e-01,2.275813766424433227e-01,2.545454956347056319e-01,2.459335764146480807e-01
6.700000000000000000e+01,2.712815272689756974e-01,3.664729188173647678e-01,3.195609368701693986e-01,2.397056264347112164e-01,2.695828057736073813e-01,2.242877065223058963e-01,2.530448438892489715e-01,2.457534049125061071e-01
6.800000000000000000e+01,2.887577990285618013e-01,3.684417679927695088e-01,3.015336589878236939e-01,2.290415577305615902e-01,2.453349940702012899e-01,2.203138724991124398e-01,2.336984672423105258e-01,2.500506993163458258e-01
6.900000000000000000e+01,2.903556173180962263e-01,3.680338449558216984e-01,2.916944912360322495e-01,2.234835372782129903e-01,2.687697912547198920e-01,2.250190785069726696e-01,2.314213482357349028e-01,2.509187100267731285e-01
