0.000000000000000000e+00,2.076490039580000113e-01,4.387532861940000029e-01,-3.130741216979999741e-01,-8.163100142300000472e-01
1.000000000000000000e+00,2.327421617359999861e-01,4.233185741609999941e-01,-3.407069721579999988e-01,-8.065675607429999561e-01
2.000000000000000000e+00,2.425207263699999949e-01,4.075358041950000176e-01,-3.726564057139999941e-01,-7.976374294510000240e-01
3.000000000000000000e+00,2.455964157340000120e-01,4.016568211259999854e-01,-3.892124494749999997e-01,-7.917498770419999499e-01
4.000000000000000000e+00,2.460103728270000012e-01,3.995614816020000015e-01,-3.985822427769999954e-01,-7.880112401640000375e-01
5.000000000000000000e+00,2.445347182750000070e-01,3.977302801200000015e-01,-4.012127192630000061e-01,-7.880620215029999764e-01
6.000000000000000000e+00,2.446655229420000022e-01,3.976873076119999961e-01,-4.002244838719999920e-01,-7.885454646099999687e-01
7.000000000000000000e+00,2.444213424460000006e-01,3.977304098189999859e-01,-4.004690937029999898e-01,-7.884752586169999633e-01
8.000000000000000000e+00,2.418922990179999954e-01,3.972785954620000060e-01,-4.022022820189999903e-01,-7.886007593210000444e-01
9.000000000000000000e+00,2.416565450760000122e-01,3.971930280809999880e-01,-4.023310931080000263e-01,-7.886504321849999721e-01
1.000000000000000000e+01,2.418470868679999941e-01,3.970836780379999875e-01,-4.022087382039999937e-01,-7.887094966600000090e-01
1.100000000000000000e+01,2.418543195489999964e-01,3.970242587560000036e-01,-4.022707274110000064e-01,-7.887055774760000082e-01
1.200000000000000000e+01,2.477045269320000132e-01,4.032380905110000135e-01,-3.950166469270000036e-01,-7.874029199519999578e-01
1.300000000000000000e+01,2.635863432139999851e-01,4.167196524819999914e-01,-3.794399502629999810e-01,-7.828743801209999686e-01
1.400000000000000000e+01,2.740229469300000109e-01,4.286740579600000212e-01,-3.703473524950000040e-01,-7.771697466370000029e-01
1.500000000000000000e+01,2.809688373950000040e-01,4.356281369409999993e-01,-3.673180896670000251e-01,-7.722448185139999532e-01
1.600000000000000000e+01,2.898599492819999845e-01,4.432004719040000262e-01,-3.649668066519999865e-01,-7.657374103099999774e-01
1.700000000000000000e+01,2.960961557960000157e-01,4.515398371059999860e-01,-3.610180007700000138e-01,-7.603320624229999991e-01
1.800000000000000000e+01,2.983885966300000026e-01,4.628249803700000276e-01,-3.552649121620000128e-01,-7.553437132410000254e-01
1.900000000000000000e+01,2.997491909169999746e-01,4.696611729230000254e-01,-3.503970118990000215e-01,-7.528550585909999926e-01
2.000000000000000000e+01,3.001672132379999969e-01,4.726512904360000156e-01,-3.476160702070000275e-01,-7.521060227650000485e-01
2.100000000000000000e+01,2.999753172019999914e-01,4.739972380449999911e-01,-3.479566594169999916e-01,-7.511774694199999658e-01
2.200000000000000000e+01,3.007438455859999804e-01,4.753586415530000053e-01,-3.474818048709999996e-01,-7.502290960280000309e-01
2.300000000000000000e+01,3.014571562769999824e-01,4.755541150109999782e-01,-3.473799050920000075e-01,-7.498660334779999603e-01
2.400000000000000000e+01,3.029435887120000004e-01,4.759501663910000180e-01,-3.462362751129999805e-01,-7.495445703669999515e-01
2.500000000000000000e+01,3.020439650360000061e-01,4.758703742900000089e-01,-3.461117623559999967e-01,-7.500156518480000090e-01
2.600000000000000000e+01,2.971902977590000217e-01,4.740472388779999879e-01,-3.472922347560000178e-01,-7.525591311699999508e-01
2.700000000000000000e+01,2.967977776719999961e-01,4.667609638779999792e-01,-3.494643456679999982e-01,-7.562538944529999529e-01
2.800000000000000000e+01,2.947262647689999904e-01,4.562995060610000042e-01,-3.548766471370000120e-01,-7.609137631429999660e-01
2.900000000000000000e+01,2.892426760199999780e-01,4.442881698619999820e-01,-3.682471717060000205e-01,-7.637674495680000231e-01
3.000000000000000000e+01,2.772295928460000169e-01,4.350530722200000033e-01,-3.820249415870000109e-01,-7.667656233870000504e-01
3.100000000000000000e+01,2.672021051260000113e-01,4.304635762080000205e-01,-3.889792077140000193e-01,-7.694149209239999898e-01
3.200000000000000000e+01,2.566931018829999855e-01,4.243252328320000211e-01,-3.966210694249999724e-01,-7.724949679549999448e-01
3.300000000000000000e+01,2.549557931379999864e-01,4.256069800619999843e-01,-3.964865730680000033e-01,-7.724342298499999870e-01
3.400000000000000000e+01,2.544956678929999883e-01,4.253834056420000009e-01,-3.968124313649999957e-01,-7.725417836869999944e-01
3.500000000000000000e+01,2.535169617340000126e-01,4.252674503459999977e-01,-3.973662288829999945e-01,-7.726427544039999873e-01
3.600000000000000000e+01,2.529013828350000215e-01,4.264997474689999901e-01,-3.964515717370000192e-01,-7.726351061370000384e-01
3.700000000000000000e+01,2.533346700529999773e-01,4.275842089349999875e-01,-3.948012554459999768e-01,-7.727388031649999878e-01
3.800000000000000000e+01,2.582511380799999978e-01,4.334000785289999769e-01,-3.862230686320000106e-01,-7.722062307879999921e-01
3.900000000000000000e+01,2.666382428729999754e-01,4.457056780049999944e-01,-3.720978247260000038e-01,-7.692812911190000102e-01
4.000000000000000000e+01,2.755404891279999990e-01,4.641445586740000073e-01,-3.543067506540000244e-01,-7.636190109899999579e-01
4.100000000000000000e+01,2.821939126649999907e-01,4.753298722120000153e-01,-3.444529825050000049e-01,-7.588018523170000362e-01
4.200000000000000000e+01,2.905378057740000131e-01,4.813401913929999942e-01,-3.383739835160000098e-01,-7.545876031620000202e-01
4.300000000000000000e+01,3.011440989829999859e-01,4.883563207280000040e-01,-3.332100619260000007e-01,-7.481920811419999762e-01
4.400000000000000000e+01,3.121906681309999931e-01,5.056006849630000355e-01,-3.227731622710000026e-01,-7.366969660679999476e-01
4.500000000000000000e+01,3.186396268209999993e-01,5.211398971790000001e-01,-3.153394442979999823e-01,-7.262527319449999519e-01
4.600000000000000000e+01,3.210944772309999862e-01,5.297404259789999514e-01,-3.115388518930000128e-01,-7.205671110569999982e-01
4.700000000000000000e+01,3.212602510809999812e-01,5.322833113260000415e-01,-3.094664271950000045e-01,-7.195115412539999644e-01
4.800000000000000000e+01,3.224817373309999957e-01,5.329733449739999518e-01,-3.074837177329999838e-01,-7.193043208299999547e-01
4.900000000000000000e+01,3.232914562090000166e-01,5.329486473360000032e-01,-3.069254413909999757e-01,-7.191975716530000229e-01
5.000000000000000000e+01,3.185996163750000054e-01,5.324928524080000392e-01,-3.092193394120000272e-01,-7.206448825279999637e-01
5.100000000000000000e+01,3.111337988510000097e-01,5.260004576879999671e-01,-3.124437410759999811e-01,-7.272538665329999485e-01
5.200000000000000000e+01,3.092187455500000071e-01,5.122258634699999869e-01,-3.153961427010000262e-01,-7.365688734680000405e-01
5.300000000000000000e+01,3.077632839389999875e-01,4.987456704559999898e-01,-3.220262499029999947e-01,-7.435278149699999783e-01
5.400000000000000000e+01,2.987323964990000191e-01,4.820699655810000150e-01,-3.365260486850000232e-01,-7.517431224320000327e-01
5.500000000000000000e+01,2.861341230769999799e-01,4.701144269340000181e-01,-3.496155298899999986e-01,-7.582141323259999899e-01
5.600000000000000000e+01,2.726802031439999885e-01,4.639717157550000137e-01,-3.574093493759999962e-01,-7.633048609639999649e-01
5.700000000000000000e+01,2.701290888549999769e-01,4.619809157579999881e-01,-3.584999787390000248e-01,-7.649063171879999512e-01
5.800000000000000000e+01,2.687503500990000016e-01,4.604785150080000222e-01,-3.586375864040000083e-01,-7.662322547090000269e-01
5.900000000000000000e+01,2.665932498999999956e-01,4.599352684449999895e-01,-3.596197446130000031e-01,-7.668515027250000227e-01
6.000000000000000000e+01,2.658177341280000272e-01,4.597310425969999836e-01,-3.601862258060000155e-01,-7.669773030769999611e-01
6.100000000000000000e+01,2.670369173209999891e-01,4.608938458919999981e-01,-3.588384452660000057e-01,-7.664875196679999947e-01
6.200000000000000000e+01,2.670843705470000162e-01,4.610211181189999841e-01,-3.582439598420000260e-01,-7.666725069380000424e-01
6.300000000000000000e+01,2.620302426069999746e-01,4.612207092739999958e-01,-3.569464878970000088e-01,-7.688984419769999690e-01
6.400000000000000000e+01,2.555236045000000011e-01,4.630617463109999998e-01,-3.492809305890000049e-01,-7.734884214870000330e-01
6.500000000000000000e+01,2.460089673530000132e-01,4.647425124860000145e-01,-3.436850366979999905e-01,-7.780582115880000371e-01
6.600000000000000000e+01,2.386609297570000121e-01,4.697969973810000033e-01,-3.267049663330000020e-01,-7.845990102159999813e-01
6.700000000000000000e+01,2.342600162550000087e-01,4.753347029130000068e-01,-3.099587140599999735e-01,-7.893698503039999759e-01
6.800000000000000000e+01,2.310741667429999924e-01,4.810774567869999796e-01,-2.972583472159999740e-01,-7.917112384229999522e-01
6.900000000000000000e+01,2.304652919619999962e-01,4.845152036570000154e-01,-2.904498046310000081e-01,-7.923191766049999529e-01
0.000000000000000000e+00,1.944638923450000001e-01,3.953679959909999764e-01,-3.750006521720000152e-01,-8.156239655570000080e-01
1.000000000000000000e+00,2.112728082270000085e-01,3.955045951250000247e-01,-3.876673946070000043e-01,-8.053905306730000380e-01
2.000000000000000000e+00,2.226542251939999939e-01,3.951651361849999877e-01,-4.040964440800000057e-01,-7.943397730369999854e-01
3.000000000000000000e+00,2.237226672850000098e-01,3.949069611509999911e-01,-4.151883721449999842e-01,-7.884258213770000134e-01
4.000000000000000000e+00,2.235358562510000036e-01,3.966678036740000080e-01,-4.174297027419999750e-01,-7.864088108400000277e-01
5.000000000000000000e+00,2.219784357160000110e-01,3.968682627449999778e-01,-4.172296489890000015e-01,-7.868548634319999513e-01
6.000000000000000000e+00,2.223895362699999934e-01,3.976536072669999977e-01,-4.155551616939999748e-01,-7.872283089260000422e-01
7.000000000000000000e+00,2.227033880070000138e-01,3.987283243490000184e-01,-4.145015807799999896e-01,-7.871514237190000429e-01
8.000000000000000000e+00,2.213613291759999879e-01,3.986464612719999856e-01,-4.165194676940000007e-01,-7.865060037229999468e-01
9.000000000000000000e+00,2.213156699109999903e-01,3.985947656230000025e-01,-4.165356180259999763e-01,-7.865365000970000464e-01
1.000000000000000000e+01,2.211694654149999884e-01,3.986818020499999782e-01,-4.163440367969999945e-01,-7.866349415740000461e-01
1.100000000000000000e+01,2.216349669150000090e-01,4.007030191809999864e-01,-4.144320446709999772e-01,-7.864865620019999559e-01
1.200000000000000000e+01,2.244597728340000098e-01,4.070150472340000047e-01,-4.087303545650000092e-01,-7.854273097889999944e-01
1.300000000000000000e+01,2.509485233379999958e-01,4.360976952430000164e-01,-3.805809838079999841e-01,-7.758877197139999460e-01
1.400000000000000000e+01,2.659182126569999971e-01,4.483840038079999757e-01,-3.728946045309999846e-01,-7.675864141699999532e-01
1.500000000000000000e+01,2.791031799240000222e-01,4.612757390869999807e-01,-3.666860773489999947e-01,-7.582001240869999936e-01
1.600000000000000000e+01,2.927889228300000202e-01,4.808253479469999925e-01,-3.552175713699999848e-01,-7.462587409399999983e-01
1.700000000000000000e+01,2.891031793719999743e-01,5.028471630159999650e-01,-3.426669758270000088e-01,-7.390151730520000406e-01
1.800000000000000000e+01,2.919737068170000227e-01,5.167697614039999943e-01,-3.314431587850000249e-01,-7.333797111459999796e-01
1.900000000000000000e+01,2.955122632189999821e-01,5.245182435280000277e-01,-3.244144699509999841e-01,-7.295946588210000527e-01
2.000000000000000000e+01,2.951024864349999777e-01,5.288123672429999589e-01,-3.241648743259999965e-01,-7.267662189479999757e-01
2.100000000000000000e+01,2.955455096210000132e-01,5.305342604530000061e-01,-3.245546756239999775e-01,-7.251555093620000170e-01
2.200000000000000000e+01,2.955455096210000132e-01,5.305342604530000061e-01,-3.245546756239999775e-01,-7.251555093620000170e-01
2.300000000000000000e+01,2.955455096210000132e-01,5.305342604530000061e-01,-3.245546756239999775e-01,-7.251555093620000170e-01
2.400000000000000000e+01,2.961977107379999974e-01,5.301740339549999570e-01,-3.249060012589999880e-01,-7.249955173780000539e-01
2.500000000000000000e+01,2.953821301060000071e-01,5.286874318280000429e-01,-3.254070925040000173e-01,-7.261881442090000194e-01
2.600000000000000000e+01,2.903738755620000056e-01,5.232420492820000213e-01,-3.316329361790000263e-01,-7.293287090850000265e-01
2.700000000000000000e+01,2.868736188509999896e-01,5.110030673580000515e-01,-3.401306619130000097e-01,-7.354525985980000513e-01
2.800000000000000000e+01,2.887317388730000212e-01,4.867983319120000041e-01,-3.502047729950000243e-01,-7.463363745569999708e-01
2.900000000000000000e+01,2.575490858930000182e-01,4.521067348789999940e-01,-3.837572232140000206e-01,-7.628881715319999479e-01
3.000000000000000000e+01,2.495751336650000041e-01,4.468360563129999963e-01,-3.916734432890000006e-01,-7.646186665640000157e-01
3.100000000000000000e+01,2.495751336650000041e-01,4.468360563129999963e-01,-3.916734432890000006e-01,-7.646186665640000157e-01
3.200000000000000000e+01,2.470205684510000110e-01,4.471757699500000238e-01,-3.905127327680000260e-01,-7.658423304289999622e-01
3.300000000000000000e+01,2.469702923119999893e-01,4.471157970890000111e-01,-3.899985447909999903e-01,-7.661555153950000419e-01
3.400000000000000000e+01,2.470747114700000135e-01,4.471703638219999832e-01,-3.899212433870000161e-01,-7.661293471900000318e-01
3.500000000000000000e+01,2.467202399919999900e-01,4.470768175970000202e-01,-3.904661788789999810e-01,-7.660206299420000420e-01
3.600000000000000000e+01,2.465833838519999877e-01,4.467050542609999897e-01,-3.909078116449999918e-01,-7.660563374200000109e-01
3.700000000000000000e+01,2.469977235170000007e-01,4.467311725159999747e-01,-3.904727171869999958e-01,-7.661295198669999529e-01
3.800000000000000000e+01,2.525628086789999949e-01,4.505372295799999760e-01,-3.840800457429999759e-01,-7.653174183940000264e-01
3.900000000000000000e+01,2.636930411349999726e-01,4.577880334960000019e-01,-3.725285228510000213e-01,-7.629669692110000456e-01
4.000000000000000000e+01,2.758113157400000071e-01,4.672929167259999850e-01,-3.601169938379999991e-01,-7.588683672660000434e-01
4.100000000000000000e+01,2.832736993659999980e-01,4.750194363879999826e-01,-3.525095443130000228e-01,-7.548838105759999584e-01
4.200000000000000000e+01,2.904870995350000151e-01,4.811361152520000073e-01,-3.488597518830000022e-01,-7.499481029510000063e-01
4.300000000000000000e+01,3.056929738999999979e-01,4.916487631259999769e-01,-3.457892538049999742e-01,-7.384193194770000135e-01
4.400000000000000000e+01,3.088304153959999798e-01,5.037068256379999553e-01,-3.373427364459999911e-01,-7.328731721790000542e-01
4.500000000000000000e+01,3.112132019139999817e-01,5.131159363759999481e-01,-3.290291057649999962e-01,-7.291078290279999763e-01
4.600000000000000000e+01,3.120639931759999763e-01,5.212428049239999917e-01,-3.267040578150000041e-01,-7.240072244709999660e-01
4.700000000000000000e+01,3.127813630690000068e-01,5.226845945750000499e-01,-3.262815246079999731e-01,-7.228478402889999543e-01
4.800000000000000000e+01,3.136251730410000160e-01,5.237903204489999798e-01,-3.249782955080000035e-01,-7.222686885700000392e-01
4.900000000000000000e+01,3.146367955000000105e-01,5.241522154859999949e-01,-3.245011462419999937e-01,-7.217805400579999642e-01
5.000000000000000000e+01,3.124366520310000173e-01,5.227978436489999492e-01,-3.260959862639999929e-01,-7.229987281359999685e-01
5.100000000000000000e+01,3.124366520310000173e-01,5.227978436489999492e-01,-3.260959862639999929e-01,-7.229987281359999685e-01
5.200000000000000000e+01,3.065061498230000070e-01,5.140887540340000061e-01,-3.313873771310000271e-01,-7.293484348200000023e-01
5.300000000000000000e+01,3.045112115240000139e-01,5.005614852240000134e-01,-3.354096603819999856e-01,-7.377069074430000484e-01
5.400000000000000000e+01,2.816758807790000207e-01,4.669984864669999847e-01,-3.617295902850000133e-01,-7.561235450230000543e-01
5.500000000000000000e+01,2.607943578549999919e-01,4.515183933119999993e-01,-3.787763688129999751e-01,-7.646214134069999613e-01
5.600000000000000000e+01,2.556545641970000005e-01,4.496912978709999842e-01,-3.821558976950000242e-01,-7.657514938160000506e-01
5.700000000000000000e+01,2.553800205380000188e-01,4.487294797110000233e-01,-3.812230553700000080e-01,-7.668714893660000254e-01
5.800000000000000000e+01,2.551496369460000135e-01,4.480332229519999876e-01,-3.803996543959999865e-01,-7.677636334399999818e-01
5.900000000000000000e+01,2.551496369460000135e-01,4.480332229519999876e-01,-3.803996543959999865e-01,-7.677636334399999818e-01
6.000000000000000000e+01,2.553940606480000208e-01,4.480619218990000152e-01,-3.804498843460000224e-01,-7.676407189759999472e-01
6.100000000000000000e+01,2.548926913080000189e-01,4.475784439639999834e-01,-3.816026758370000271e-01,-7.675171986409999869e-01
6.200000000000000000e+01,2.545352466640000144e-01,4.474795034069999899e-01,-3.817373926409999840e-01,-7.676265141950000537e-01
6.300000000000000000e+01,2.518309053639999906e-01,4.468761520999999792e-01,-3.803991933679999882e-01,-7.695319054289999627e-01
6.400000000000000000e+01,2.458320912070000031e-01,4.461828014370000095e-01,-3.763805198740000080e-01,-7.738379642370000200e-01
6.500000000000000000e+01,2.424139404489999983e-01,4.483406221849999818e-01,-3.691836918779999865e-01,-7.771290559660000152e-01
6.600000000000000000e+01,2.300107984239999903e-01,4.542141816799999954e-01,-3.461624188499999866e-01,-7.880076709940000423e-01
6.700000000000000000e+01,2.238462579150000131e-01,4.572943720470000195e-01,-3.328899199290000221e-01,-7.936995724590000245e-01
6.800000000000000000e+01,2.228894264980000040e-01,4.622208553689999833e-01,-3.226864671429999776e-01,-7.953273718040000384e-01
6.900000000000000000e+01,2.228894264980000040e-01,4.622208553689999833e-01,-3.226864671429999776e-01,-7.953273718040000384e-01
0.000000000000000000e+00,1.411756655349999945e-01,4.499658519879999874e-01,-2.545361034409999723e-01,-8.442816683730000049e-01
1.000000000000000000e+00,1.875958397059999949e-01,4.417772504999999961e-01,-2.732479537829999860e-01,-8.336523361800000087e-01
2.000000000000000000e+00,2.100078620380000094e-01,4.389289176089999911e-01,-2.883235124379999736e-01,-8.246863981809999800e-01
3.000000000000000000e+00,2.146104362419999911e-01,4.365830472619999791e-01,-2.986371914489999724e-01,-8.210684693640000198e-01
4.000000000000000000e+00,2.151028856309999959e-01,4.362370321430000253e-01,-2.993522057570000006e-01,-8.208631172670000087e-01
5.000000000000000000e+00,2.138721816749999949e-01,4.369626245229999983e-01,-2.971713156990000160e-01,-8.215908737329999934e-01
6.000000000000000000e+00,2.129500791420000094e-01,4.378264255040000275e-01,-2.971459331269999948e-01,-8.213796803849999772e-01
7.000000000000000000e+00,2.114903035669999931e-01,4.380236776549999989e-01,-2.982906832200000191e-01,-8.212367366449999651e-01
8.000000000000000000e+00,2.104272835440000045e-01,4.377504620730000018e-01,-2.987057047669999799e-01,-8.215045911220000274e-01
9.000000000000000000e+00,2.098825840609999938e-01,4.376656832740000169e-01,-2.987308633499999866e-01,-8.216799388290000339e-01
1.000000000000000000e+01,2.081421609380000037e-01,4.377027794800000260e-01,-2.984945922910000049e-01,-8.221886012639999519e-01
1.100000000000000000e+01,2.067269612379999955e-01,4.376755694530000129e-01,-2.990745200489999811e-01,-8.223493727480000182e-01
1.200000000000000000e+01,2.069714215119999867e-01,4.381566743599999980e-01,-2.977465385170000034e-01,-8.225135610989999790e-01
1.300000000000000000e+01,2.158533764189999871e-01,4.426996415180000088e-01,-2.880495093689999786e-01,-8.212501613039999704e-01
1.400000000000000000e+01,2.269974294250000080e-01,4.548138116150000076e-01,-2.809215548780000238e-01,-8.140636607810000092e-01
1.500000000000000000e+01,2.369038684960000085e-01,4.635742217080000005e-01,-2.796840719490000238e-01,-8.066922076960000298e-01
1.600000000000000000e+01,2.447842649760000044e-01,4.732344476220000096e-01,-2.793091610210000075e-01,-7.988217659609999632e-01
1.700000000000000000e+01,2.523138404640000165e-01,4.904788790640000062e-01,-2.727827753439999725e-01,-7.882624896430000527e-01
1.800000000000000000e+01,2.526886917880000194e-01,5.071824761850000085e-01,-2.642542225760000085e-01,-7.804383811320000364e-01
1.900000000000000000e+01,2.539297460839999854e-01,5.108242108799999626e-01,-2.622695543329999768e-01,-7.783270459790000428e-01
2.000000000000000000e+01,2.544174108269999790e-01,5.125800522719999863e-01,-2.610284226369999905e-01,-7.774301471229999594e-01
2.100000000000000000e+01,2.552298724670000185e-01,5.125181020160000100e-01,-2.604675687990000155e-01,-7.773927919080000359e-01
2.200000000000000000e+01,2.552996544180000105e-01,5.128269475579999570e-01,-2.596681756149999964e-01,-7.774336286040000044e-01
2.300000000000000000e+01,2.558753921879999838e-01,5.139736690309999467e-01,-2.574193643639999807e-01,-7.772349207709999819e-01
2.400000000000000000e+01,2.558240421290000066e-01,5.154203623380000376e-01,-2.562184761910000219e-01,-7.766904158120000456e-01
2.500000000000000000e+01,2.504813096849999865e-01,5.099310172319999612e-01,-2.611605715259999738e-01,-7.804002992330000277e-01
2.600000000000000000e+01,2.475238844790000059e-01,4.972101863139999911e-01,-2.682238867180000153e-01,-7.871276286799999689e-01
2.700000000000000000e+01,2.466034751320000107e-01,4.898664562949999746e-01,-2.667540400010000035e-01,-7.925022796139999937e-01
2.800000000000000000e+01,2.479217712750000080e-01,4.826344758519999778e-01,-2.676744236149999900e-01,-7.962092444760000554e-01
2.900000000000000000e+01,2.441487057410000050e-01,4.749888942030000005e-01,-2.743766629669999735e-01,-7.996839417469999711e-01
3.000000000000000000e+01,2.236475530070000106e-01,4.639357383570000271e-01,-2.908065485699999897e-01,-8.063355095849999987e-01
3.100000000000000000e+01,2.236475530070000106e-01,4.639357383570000271e-01,-2.908065485699999897e-01,-8.063355095849999987e-01
3.200000000000000000e+01,2.161251670630000010e-01,4.638450886420000252e-01,-2.949662197660000151e-01,-8.069278623900000280e-01
3.300000000000000000e+01,2.135354341150000057e-01,4.622313451230000148e-01,-2.952003392120000069e-01,-8.084562831049999510e-01
3.400000000000000000e+01,2.136693335529999960e-01,4.609623968050000076e-01,-2.948917078709999973e-01,-8.092576630840000451e-01
3.500000000000000000e+01,2.138540683509999873e-01,4.609175786690000165e-01,-2.948842224820000246e-01,-8.092371212779999601e-01
3.600000000000000000e+01,2.141632071390000003e-01,4.608988818609999760e-01,-2.948727485140000271e-01,-8.091701944529999802e-01
3.700000000000000000e+01,2.139004506870000044e-01,4.606178905709999993e-01,-2.953171697249999950e-01,-8.092376198289999989e-01
3.800000000000000000e+01,2.150117742690000056e-01,4.605951438959999811e-01,-2.937536363520000249e-01,-8.095250777310000201e-01
3.900000000000000000e+01,2.278828029320000004e-01,4.657486057979999816e-01,-2.801157276249999772e-01,-8.078878904049999754e-01
4.000000000000000000e+01,2.278828029320000004e-01,4.657486057979999816e-01,-2.801157276249999772e-01,-8.078878904049999754e-01
4.100000000000000000e+01,2.375330953479999896e-01,4.746000159159999843e-01,-2.702275435509999824e-01,-8.033118499150000424e-01
4.200000000000000000e+01,2.445490449749999906e-01,4.833758495109999886e-01,-2.690563108530000247e-01,-7.963367719130000077e-01
4.300000000000000000e+01,2.543275821409999859e-01,4.868806707050000182e-01,-2.686024691139999865e-01,-7.912758097159999782e-01
4.400000000000000000e+01,2.614821122859999902e-01,4.954755897879999926e-01,-2.632086772239999872e-01,-7.853994124730000470e-01
4.500000000000000000e+01,2.633214721609999920e-01,5.009489000639999468e-01,-2.606274505319999824e-01,-7.821670754089999900e-01
4.600000000000000000e+01,2.640545858680000135e-01,5.033902001129999526e-01,-2.582466480939999975e-01,-7.811415690259999600e-01
4.700000000000000000e+01,2.644584830869999847e-01,5.048867315930000155e-01,-2.574463643020000192e-01,-7.803028056409999635e-01
4.800000000000000000e+01,2.642795901350000198e-01,5.065368691680000035e-01,-2.561872342140000258e-01,-7.797081501670000137e-01
4.900000000000000000e+01,2.643318485119999783e-01,5.073281245490000035e-01,-2.558114402009999955e-01,-7.792992717600000230e-01
5.000000000000000000e+01,2.639627743910000213e-01,5.074159562600000228e-01,-2.556503281429999830e-01,-7.794200477199999533e-01
5.100000000000000000e+01,2.584189425169999832e-01,5.015786994299999968e-01,-2.588075162149999775e-01,-7.840007193729999768e-01
5.200000000000000000e+01,2.574023857950000216e-01,4.951096865769999966e-01,-2.579079170729999815e-01,-7.887293048669999918e-01
5.300000000000000000e+01,2.552852901300000088e-01,4.854151734489999814e-01,-2.614570398909999982e-01,-7.942554666600000202e-01
5.400000000000000000e+01,2.480076299320000122e-01,4.771575218149999853e-01,-2.696123092489999817e-01,-7.988254612699999813e-01
5.500000000000000000e+01,2.344848902730000129e-01,4.722880341139999993e-01,-2.809976047000000143e-01,-8.018735531359999502e-01
5.600000000000000000e+01,2.248251527019999862e-01,4.695946937209999894e-01,-2.881204984949999881e-01,-8.036921380029999895e-01
5.700000000000000000e+01,2.205867489680000126e-01,4.686515979059999726e-01,-2.886604771699999850e-01,-8.052218917040000479e-01
5.800000000000000000e+01,2.228051649510000010e-01,4.703508392949999894e-01,-2.828677681469999872e-01,-8.056759722049999795e-01
5.900000000000000000e+01,2.097598363909999875e-01,4.610391549699999758e-01,-2.878814876190000094e-01,-8.127533191000000379e-01
6.000000000000000000e+01,2.013666088470000004e-01,4.557045420729999852e-01,-2.902539029039999940e-01,-8.170297002099999872e-01
6.100000000000000000e+01,1.992737879539999979e-01,4.560663513009999837e-01,-2.905904408319999743e-01,-8.172212897020000311e-01
6.200000000000000000e+01,1.989850387880000016e-01,4.584410239519999819e-01,-2.900630965250000082e-01,-8.161496075659999683e-01
6.300000000000000000e+01,1.983790979429999879e-01,4.611737512590000088e-01,-2.879246279850000145e-01,-8.155145083010000295e-01
6.400000000000000000e+01,1.965991583210000004e-01,4.644356849860000191e-01,-2.828587768470000041e-01,-8.158671324539999992e-01
6.500000000000000000e+01,1.912862237309999880e-01,4.676975622289999968e-01,-2.756653043519999846e-01,-8.177268559079999832e-01
6.600000000000000000e+01,1.862558243209999909e-01,4.708487854669999861e-01,-2.667595025010000009e-01,-8.200302170990000361e-01
6.700000000000000000e+01,1.783589099640000009e-01,4.732253051659999765e-01,-2.532581933190000134e-01,-8.246855141829999569e-01
6.800000000000000000e+01,1.724039138579999964e-01,4.779510885780000051e-01,-2.322414480399999925e-01,-8.293995160510000408e-01
6.900000000000000000e+01,1.771399168899999987e-01,4.756531284430000062e-01,-1.890564154669999997e-01,-8.406147887220000170e-01
