0.000000000000000000e+00,3.205220449150000261e-01,1.779272715980000086e-01,-6.165642687190000526e-01,-6.967467310899999600e-01
1.000000000000000000e+00,3.183475587340000024e-01,1.684549389209999970e-01,-5.986493320650000394e-01,-7.154695958729999639e-01
2.000000000000000000e+00,3.055106726949999851e-01,1.681230652179999951e-01,-5.869925046880000163e-01,-7.306419528409999753e-01
3.000000000000000000e+00,2.980227528809999971e-01,1.740038197600000114e-01,-5.780608447130000105e-01,-7.394259728219999550e-01
4.000000000000000000e+00,2.931590379430000226e-01,1.750578820489999965e-01,-5.753075778739999979e-01,-7.432588426959999550e-01
5.000000000000000000e+00,2.909205957680000010e-01,1.755532844909999945e-01,-5.736509265920000100e-01,-7.452991786410000374e-01
6.000000000000000000e+00,2.897806790029999746e-01,1.751255330339999972e-01,-5.726466939309999837e-01,-7.466150076749999975e-01
7.000000000000000000e+00,2.885701311359999965e-01,1.743770848729999934e-01,-5.729909947869999964e-01,-7.469948002359999562e-01
8.000000000000000000e+00,2.854362321639999922e-01,1.742313481399999919e-01,-5.738677913730000357e-01,-7.475595981039999671e-01
9.000000000000000000e+00,2.846996576329999806e-01,1.733299073390000000e-01,-5.739670205319999940e-01,-7.479737345039999541e-01
1.000000000000000000e+01,2.847191368920000132e-01,1.720110063820000090e-01,-5.736373517039999870e-01,-7.485234902799999812e-01
1.100000000000000000e+01,2.851934987390000176e-01,1.719270938019999972e-01,-5.734294635929999551e-01,-7.485214712869999731e-01
1.200000000000000000e+01,3.230211609390000183e-01,1.928277742570000119e-01,-5.638737627769999650e-01,-7.352014409079999924e-01
1.300000000000000000e+01,4.369210791320000120e-01,2.573024043480000023e-01,-5.251232325519999966e-01,-6.834771641839999523e-01
1.400000000000000000e+01,5.325307713400000420e-01,3.091568048489999887e-01,-4.842806575629999832e-01,-6.215346267929999780e-01
1.500000000000000000e+01,6.070258706319999753e-01,3.501685992060000197e-01,-4.426040801850000261e-01,-5.594668647170000231e-01
1.600000000000000000e+01,6.528295620580000236e-01,3.835095051279999723e-01,-4.110386197459999780e-01,-5.077216515539999531e-01
1.700000000000000000e+01,6.801723088579999521e-01,4.090327866669999923e-01,-3.864504403869999938e-01,-4.698019442479999808e-01
1.800000000000000000e+01,6.910740398689999564e-01,4.154165498660000178e-01,-3.766504115770000216e-01,-4.560484941049999796e-01
1.900000000000000000e+01,6.985769309689999762e-01,4.165400506820000071e-01,-3.693552683269999970e-01,-4.495123396030000218e-01
2.000000000000000000e+01,7.023306797949999680e-01,4.177328016119999932e-01,-3.645189792729999767e-01,-4.464939377270000231e-01
2.100000000000000000e+01,7.036081490760000001e-01,4.171177643549999758e-01,-3.644904098010000038e-01,-4.450787395249999889e-01
2.200000000000000000e+01,7.054195482449999721e-01,4.156134680629999800e-01,-3.637366702300000032e-01,-4.442345561159999900e-01
2.300000000000000000e+01,7.067520948230000544e-01,4.129326860240000174e-01,-3.645579767380000002e-01,-4.439431887899999984e-01
2.400000000000000000e+01,7.085160452759999838e-01,4.109123235320000234e-01,-3.630956767180000266e-01,-4.442044636260000234e-01
2.500000000000000000e+01,7.069322182320000314e-01,4.073671852260000170e-01,-3.637233592329999765e-01,-4.494486991589999869e-01
2.600000000000000000e+01,6.804879650049999729e-01,3.770303886540000149e-01,-3.892251311320000240e-01,-4.932423469359999979e-01
2.700000000000000000e+01,6.274370991069999626e-01,3.376726502599999846e-01,-4.240725650880000086e-01,-5.589832980240000415e-01
2.800000000000000000e+01,5.361290529719999753e-01,2.796218816850000177e-01,-4.695100698960000263e-01,-6.433797759560000440e-01
2.900000000000000000e+01,4.245606466860000205e-01,2.192514495890000026e-01,-5.093201304629999537e-01,-7.157304407700000315e-01
3.000000000000000000e+01,3.522470518610000267e-01,1.813502467170000076e-01,-5.281293446560000326e-01,-7.510748949229999472e-01
3.100000000000000000e+01,3.073360589199999882e-01,1.596311478309999921e-01,-5.379771793869999597e-01,-7.685330168499999726e-01
3.200000000000000000e+01,2.745626445859999931e-01,1.475766481549999898e-01,-5.446533932389999721e-01,-7.785815104090000327e-01
3.300000000000000000e+01,2.689289760860000267e-01,1.498788076560000071e-01,-5.442094266470000052e-01,-7.804163304190000483e-01
3.400000000000000000e+01,2.690400179899999911e-01,1.498010795059999956e-01,-5.446019111100000032e-01,-7.801191343090000396e-01
3.500000000000000000e+01,2.684740088550000015e-01,1.490644350560000053e-01,-5.449888407740000051e-01,-7.801850192120000083e-01
3.600000000000000000e+01,2.693152577940000070e-01,1.510744576870000078e-01,-5.439637041989999755e-01,-7.802238708650000021e-01
3.700000000000000000e+01,2.743101333360000171e-01,1.545007498640000032e-01,-5.419322355500000299e-01,-7.792258473080000414e-01
3.800000000000000000e+01,3.108672456970000275e-01,1.761589438110000017e-01,-5.342364829210000110e-01,-7.661076702289999485e-01
3.900000000000000000e+01,4.007957900479999780e-01,2.262318906820000031e-01,-5.109062159230000066e-01,-7.260555797250000110e-01
4.000000000000000000e+01,4.958085904689999990e-01,2.746743592099999964e-01,-4.760344162840000060e-01,-6.723980015760000484e-01
4.100000000000000000e+01,6.049132226479999597e-01,3.309371960260000245e-01,-4.206450609860000189e-01,-5.895916366600000291e-01
4.200000000000000000e+01,6.621263939649999486e-01,3.575852286730000218e-01,-3.847583944080000262e-01,-5.344926758920000021e-01
4.300000000000000000e+01,7.144775986200000428e-01,3.883669611300000213e-01,-3.521792583939999943e-01,-4.633169914099999898e-01
4.400000000000000000e+01,7.403518678020000188e-01,3.975375776439999953e-01,-3.369040067249999826e-01,-4.246630151729999803e-01
4.500000000000000000e+01,7.608456109190000483e-01,3.929225545310000012e-01,-3.208838046599999938e-01,-4.046719738169999858e-01
4.600000000000000000e+01,7.703548711580000541e-01,3.899936741710000043e-01,-3.151746145839999791e-01,-3.938569142619999797e-01
4.700000000000000000e+01,7.739868425889999681e-01,3.891584662650000026e-01,-3.123916128229999867e-01,-3.897583044280000242e-01
4.800000000000000000e+01,7.754556528260000414e-01,3.871821136940000185e-01,-3.104292620160000182e-01,-3.903744543630000008e-01
4.900000000000000000e+01,7.778961394269999774e-01,3.874297479969999736e-01,-3.080087647829999886e-01,-3.871774624750000116e-01
5.000000000000000000e+01,-7.711672374860000234e-01,-3.796040946490000234e-01,3.128770525560000126e-01,4.041160391999999990e-01
5.100000000000000000e+01,-7.328091450179999855e-01,-3.476343216159999971e-01,3.472777645019999859e-01,4.706796040780000245e-01
5.200000000000000000e+01,6.717778568129999517e-01,3.117126993159999859e-01,-3.862381904530000076e-01,-5.498815912690000474e-01
5.300000000000000000e+01,5.623585588199999652e-01,2.565317800849999941e-01,-4.372143289170000169e-01,-6.532900793050000487e-01
5.400000000000000000e+01,4.309110411379999950e-01,1.944061564100000028e-01,-4.733847563499999911e-01,-7.432555371000000299e-01
5.500000000000000000e+01,3.492660136280000271e-01,1.569459109599999902e-01,-4.938585424590000161e-01,-7.806951855860000400e-01
5.600000000000000000e+01,3.245876399250000044e-01,1.495630997209999868e-01,-5.030141987209999499e-01,-7.869246845120000389e-01
5.700000000000000000e+01,3.208953610440000159e-01,1.523932183249999961e-01,-5.040830891490000187e-01,-7.872119876519999560e-01
5.800000000000000000e+01,3.206416386140000241e-01,1.529514229270000081e-01,-5.035132874130000546e-01,-7.875716927429999847e-01
5.900000000000000000e+01,3.186130719870000072e-01,1.538436003049999945e-01,-5.051723203289999464e-01,-7.871586776360000037e-01
6.000000000000000000e+01,3.205138039980000020e-01,1.559568179789999898e-01,-5.049923487109999609e-01,-7.860859368520000112e-01
6.100000000000000000e+01,3.209975411900000131e-01,1.553190521289999904e-01,-5.045498734300000176e-01,-7.862989226859999903e-01
6.200000000000000000e+01,3.219574780219999766e-01,1.553664361619999934e-01,-5.045395257379999832e-01,-7.859036326599999622e-01
6.300000000000000000e+01,3.238566991430000264e-01,1.558694530239999876e-01,-5.100829728500000382e-01,-7.814326028789999601e-01
6.400000000000000000e+01,3.278726705059999968e-01,1.534315613239999876e-01,-5.158790969619999611e-01,-7.764193617129999669e-01
6.500000000000000000e+01,3.305998633850000257e-01,1.464247382059999936e-01,-5.290975434410000178e-01,-7.676713593049999673e-01
6.600000000000000000e+01,3.362409023290000021e-01,1.386004506090000032e-01,-5.360925510759999568e-01,-7.617983639859999823e-01
6.700000000000000000e+01,3.410186336830000053e-01,1.318307234149999896e-01,-5.391811443170000384e-01,-7.586900852510000126e-01
6.800000000000000000e+01,3.480490536029999804e-01,1.292620334909999891e-01,-5.395273838099999830e-01,-7.556873593649999776e-01
6.900000000000000000e+01,3.536785652800000235e-01,1.264667975730000005e-01,-5.400200803310000186e-01,-7.531905034000000443e-01
0.000000000000000000e+00,2.512508363120000143e-01,2.002129701250000005e-01,-7.079602354149999721e-01,-6.289515791519999510e-01
1.000000000000000000e+00,2.555595000900000024e-01,1.984964781430000047e-01,-6.913851616239999887e-01,-6.459683029099999585e-01
2.000000000000000000e+00,2.600353015879999785e-01,1.967341394369999941e-01,-6.824621243359999534e-01,-6.541580612930000260e-01
3.000000000000000000e+00,2.556389320910000262e-01,2.025979014690000024e-01,-6.757968832370000456e-01,-6.609851733029999954e-01
4.000000000000000000e+00,2.522323822859999787e-01,2.071977433249999889e-01,-6.700922426250000008e-01,-6.666515633080000169e-01
5.000000000000000000e+00,2.523125713520000257e-01,2.061947732949999945e-01,-6.698836472870000058e-01,-6.671416498019999697e-01
6.000000000000000000e+00,2.542873178439999937e-01,2.062468172960000012e-01,-6.691036793010000094e-01,-6.671585094149999895e-01
7.000000000000000000e+00,2.548733216249999822e-01,2.055977604989999985e-01,-6.686537568089999661e-01,-6.675861774379999725e-01
8.000000000000000000e+00,2.537826691569999848e-01,2.036564283170000100e-01,-6.694148289660000195e-01,-6.678339634979999495e-01
9.000000000000000000e+00,2.528513315390000238e-01,2.001968694419999917e-01,-6.703642623269999712e-01,-6.682807594109999583e-01
1.000000000000000000e+01,2.527866424049999838e-01,1.994633894249999984e-01,-6.701902827529999662e-01,-6.686989267249999758e-01
1.100000000000000000e+01,2.677172768209999942e-01,2.104123996379999861e-01,-6.661316487459999491e-01,-6.635681640260000513e-01
1.200000000000000000e+01,3.105428799250000149e-01,2.423654422859999880e-01,-6.519194941289999656e-01,-6.479375628010000110e-01
1.300000000000000000e+01,4.215480981799999971e-01,3.214460954230000111e-01,-6.033324556160000185e-01,-5.957848241259999789e-01
1.400000000000000000e+01,5.072864692149999799e-01,3.756101493980000261e-01,-5.550409451440000419e-01,-5.417628660529999474e-01
1.500000000000000000e+01,5.830039445910000229e-01,4.201749521379999908e-01,-5.022431932669999544e-01,-4.809482144719999797e-01
1.600000000000000000e+01,6.295528601000000002e-01,4.527451943599999917e-01,-4.610676805569999814e-01,-4.313949226289999772e-01
1.700000000000000000e+01,6.613787753650000045e-01,4.840632669830000068e-01,-4.197901784010000248e-01,-3.899193187989999920e-01
1.800000000000000000e+01,6.744085322949999739e-01,4.955584503870000268e-01,-4.012898233939999892e-01,-3.722384067469999835e-01
1.900000000000000000e+01,6.851179542019999458e-01,4.982648951149999950e-01,-3.858218922139999840e-01,-3.653586602430000108e-01
2.000000000000000000e+01,6.935448531529999627e-01,4.992057088929999775e-01,-3.742911720420000199e-01,-3.601323581750000002e-01
2.100000000000000000e+01,6.965777988879999771e-01,4.998592221440000261e-01,-3.724645034669999966e-01,-3.552327712810000038e-01
2.200000000000000000e+01,6.985697976539999576e-01,5.022294015549999546e-01,-3.704583065659999841e-01,-3.500378681169999950e-01
2.300000000000000000e+01,7.015177635779999976e-01,5.005924814279999469e-01,-3.692069093179999872e-01,-3.478020313829999766e-01
2.400000000000000000e+01,6.999326097629999799e-01,4.934078264269999847e-01,-3.721649952439999853e-01,-3.579612757339999951e-01
2.500000000000000000e+01,6.913872309580000319e-01,4.769411403189999787e-01,-3.917884951289999917e-01,-3.755164718399999768e-01
2.600000000000000000e+01,6.574214816740000522e-01,4.383386315419999790e-01,-4.398419831909999855e-01,-4.268433780129999855e-01
2.700000000000000000e+01,6.190129659930000416e-01,3.990623679590000195e-01,-4.773693354910000242e-01,-4.792605679010000230e-01
2.800000000000000000e+01,4.642806484520000110e-01,2.985049224449999872e-01,-5.557272065330000066e-01,-6.216957154979999567e-01
2.900000000000000000e+01,3.767858562620000074e-01,2.432179352309999931e-01,-5.889589596009999761e-01,-6.723130211510000009e-01
3.000000000000000000e+01,3.000083889480000265e-01,1.870778729370000115e-01,-6.134001770870000092e-01,-7.062131822389999813e-01
3.100000000000000000e+01,2.736043081260000065e-01,1.762817540620000012e-01,-6.218967451729999762e-01,-7.122568806989999501e-01
3.200000000000000000e+01,2.759396926350000112e-01,1.844434932719999920e-01,-6.197374638460000362e-01,-7.111704153890000546e-01
3.300000000000000000e+01,2.749289232730000032e-01,1.828992281329999969e-01,-6.190050925740000487e-01,-7.125971196010000286e-01
3.400000000000000000e+01,2.743568551239999875e-01,1.818099552150000131e-01,-6.191959708930000472e-01,-7.129304354990000370e-01
3.500000000000000000e+01,2.734216268040000064e-01,1.796073598640000046e-01,-6.205766614380000545e-01,-7.126474707430000555e-01
3.600000000000000000e+01,2.746550043770000227e-01,1.800177098090000039e-01,-6.201216210700000175e-01,-7.124657379879999475e-01
3.700000000000000000e+01,2.793493025709999911e-01,1.820170383570000050e-01,-6.192923973559999462e-01,-7.108520883269999757e-01
3.800000000000000000e+01,3.127759750870000022e-01,2.038804086219999923e-01,-6.117051396510000405e-01,-6.974387360279999948e-01
3.900000000000000000e+01,4.044554322710000038e-01,2.671766114229999767e-01,-5.780441620640000000e-01,-6.564277632149999597e-01
4.000000000000000000e+01,4.843194729920000108e-01,3.180491603419999813e-01,-5.391092508400000538e-01,-6.112614787019999829e-01
4.100000000000000000e+01,5.724931818630000224e-01,3.762343287109999879e-01,-4.846157705890000167e-01,-5.439180466919999457e-01
4.200000000000000000e+01,6.223780757560000154e-01,4.068915366870000105e-01,-4.485443557650000135e-01,-4.958757597439999998e-01
4.300000000000000000e+01,6.861203208530000097e-01,4.646187733039999768e-01,-3.940282706989999828e-01,-3.976305102689999815e-01
4.400000000000000000e+01,7.007953594050000401e-01,4.692679033170000236e-01,-3.773067660789999889e-01,-3.825089586189999724e-01
4.500000000000000000e+01,7.099698320130000129e-01,4.696490253699999728e-01,-3.668595082450000211e-01,-3.752155804469999856e-01
4.600000000000000000e+01,7.163615753119999541e-01,4.689599127740000095e-01,-3.617477735710000197e-01,-3.688376905149999829e-01
4.700000000000000000e+01,7.174842930060000290e-01,4.702187432089999786e-01,-3.596996808549999813e-01,-3.670514438299999904e-01
4.800000000000000000e+01,7.200451805240000169e-01,4.696231852500000192e-01,-3.573886960850000127e-01,-3.650511221600000189e-01
4.900000000000000000e+01,7.214308120960000181e-01,4.683014466109999829e-01,-3.558841209479999823e-01,-3.654830104369999888e-01
5.000000000000000000e+01,7.240322279330000388e-01,4.668213899520000099e-01,-3.545699242990000277e-01,-3.635041837169999956e-01
5.100000000000000000e+01,7.204749778710000108e-01,4.582519464279999899e-01,-3.591678650219999880e-01,-3.767219194470000088e-01
5.200000000000000000e+01,6.700795347439999494e-01,4.110081723560000122e-01,-4.107718187569999735e-01,-4.618790017839999873e-01
5.300000000000000000e+01,4.615621293220000254e-01,2.763454207239999794e-01,-5.256257827420000028e-01,-6.590228719380000211e-01
5.400000000000000000e+01,3.581484549330000156e-01,2.136856047379999957e-01,-5.647413488079999766e-01,-7.121343661860000118e-01
5.500000000000000000e+01,3.017419383639999841e-01,1.867191071460000129e-01,-5.858031116969999452e-01,-7.286442835730000400e-01
5.600000000000000000e+01,2.918780009920000085e-01,1.857438116039999976e-01,-5.899103371799999662e-01,-7.295973294059999725e-01
5.700000000000000000e+01,2.903832555970000118e-01,1.836471155000000133e-01,-5.900522963590000280e-01,-7.306090537349999581e-01
5.800000000000000000e+01,2.922304467210000145e-01,1.828630349099999997e-01,-5.897506321809999896e-01,-7.303127195359999657e-01
5.900000000000000000e+01,2.922304467210000145e-01,1.828630349099999997e-01,-5.897506321809999896e-01,-7.303127195359999657e-01
6.000000000000000000e+01,2.935656972919999941e-01,1.828408615819999972e-01,-5.902184478149999913e-01,-7.294042668969999976e-01
6.100000000000000000e+01,2.933244302549999905e-01,1.805375188030000078e-01,-5.919709678769999872e-01,-7.286544833539999599e-01
6.200000000000000000e+01,2.939232834080000023e-01,1.805930179059999918e-01,-5.920652091439999598e-01,-7.283227673740000352e-01
6.300000000000000000e+01,2.946878064380000217e-01,1.810907967039999955e-01,-5.937220526149999955e-01,-7.265392930349999778e-01
6.400000000000000000e+01,2.936617916079999890e-01,1.771581569790000033e-01,-5.983231257159999927e-01,-7.241458256449999631e-01
6.500000000000000000e+01,2.991926456219999864e-01,1.794158330839999982e-01,-6.004444856609999492e-01,-7.195555150810000189e-01
6.600000000000000000e+01,3.061178684579999865e-01,1.802852757400000006e-01,-6.049520773519999617e-01,-7.126163442339999987e-01
6.700000000000000000e+01,3.082504109279999849e-01,1.756031856090000121e-01,-6.121365075160000169e-01,-7.067065172559999775e-01
6.800000000000000000e+01,3.088372248069999881e-01,1.708250435510000054e-01,-6.156838860329999497e-01,-7.045365324440000521e-01
6.900000000000000000e+01,3.154019357189999928e-01,1.698139894940000061e-01,-6.140173027399999928e-01,-7.033260835860000171e-01
0.000000000000000000e+00,-2.932208265010000092e-01,-2.137711881780000045e-01,6.915784425919999645e-01,6.245339732579999747e-01
1.000000000000000000e+00,-3.098284033150000005e-01,-1.972745872339999873e-01,6.643838767130000322e-01,6.509094884039999807e-01
2.000000000000000000e+00,-3.166167503799999783e-01,-1.895866421329999996e-01,6.404617832860000082e-01,6.735127635409999813e-01
3.000000000000000000e+00,-3.117585124009999986e-01,-1.886330747149999876e-01,6.322943538130000318e-01,6.836870945149999823e-01
4.000000000000000000e+00,-3.110867406219999798e-01,-1.881964610530000026e-01,6.282724539099999728e-01,6.878087346879999675e-01
5.000000000000000000e+00,-3.114063248669999839e-01,-1.893115563739999896e-01,6.263662062520000129e-01,6.890955021769999966e-01
6.000000000000000000e+00,-3.121072090540000232e-01,-1.893582659140000124e-01,6.264341966219999502e-01,6.887036623169999761e-01
7.000000000000000000e+00,-3.112178152310000057e-01,-1.877383899760000086e-01,6.275720557420000345e-01,6.885136768899999815e-01
8.000000000000000000e+00,-3.102145516100000000e-01,-1.868055359730000087e-01,6.279189791739999693e-01,6.889037518349999667e-01
9.000000000000000000e+00,-3.089133532619999789e-01,-1.852374239900000108e-01,6.285117996950000396e-01,6.893711297800000359e-01
1.000000000000000000e+01,-3.081614534809999917e-01,-1.839134579470000086e-01,6.287089052230000474e-01,6.898822153579999839e-01
1.100000000000000000e+01,-3.076726434859999859e-01,-1.841724707990000098e-01,6.284318308630000294e-01,6.902836224399999665e-01
1.200000000000000000e+01,-3.070702718800000230e-01,-1.838370169740000115e-01,6.287058385699999530e-01,6.903917495629999790e-01
1.300000000000000000e+01,-3.101830391439999723e-01,-1.869754532060000085e-01,6.281768259290000378e-01,6.886367238909999466e-01
1.400000000000000000e+01,-3.763083489929999748e-01,-2.374543343299999887e-01,6.074785180599999723e-01,6.580101182209999733e-01
1.500000000000000000e+01,-4.914109275979999802e-01,-3.241503553130000159e-01,5.572799336549999483e-01,5.855603495229999567e-01
1.600000000000000000e+01,-5.949884304479999830e-01,-3.966576086690000169e-01,4.890086045420000138e-01,4.995218651889999917e-01
1.700000000000000000e+01,-6.457686359209999782e-01,-4.393798702030000114e-01,4.478319991799999955e-01,4.351720338339999938e-01
1.800000000000000000e+01,-6.738458531619999636e-01,-4.655598827740000112e-01,4.238901130659999961e-01,3.866560923780000270e-01
1.900000000000000000e+01,-6.873294332889999803e-01,-4.672222823939999881e-01,4.129315836740000134e-01,3.725172427869999914e-01
2.000000000000000000e+01,-6.933407164320000149e-01,-4.674745996810000248e-01,4.061194631280000134e-01,3.685283316910000218e-01
2.100000000000000000e+01,-6.964270329599999698e-01,-4.672249568069999914e-01,4.019874759509999840e-01,3.675544812359999858e-01
2.200000000000000000e+01,-6.982662852690000310e-01,-4.658110760320000043e-01,4.009914494169999899e-01,3.669469904450000097e-01
2.300000000000000000e+01,-6.993980178749999999e-01,-4.647550249469999950e-01,3.994464991919999819e-01,3.678147273590000044e-01
2.400000000000000000e+01,-7.013707678909999466e-01,-4.656964024540000135e-01,3.959714641040000260e-01,3.666231120710000124e-01
2.500000000000000000e+01,-7.033812697150000348e-01,-4.650661497879999828e-01,3.943629245060000232e-01,3.653028189190000163e-01
2.600000000000000000e+01,-6.863769477500000216e-01,-4.450453303979999831e-01,4.123266141879999847e-01,4.010088561630000270e-01
2.700000000000000000e+01,-6.507216510050000124e-01,-4.137398685870000148e-01,4.440338952130000183e-01,4.563053297490000104e-01
2.800000000000000000e+01,-5.966529134269999979e-01,-3.673777998910000009e-01,4.834027449889999883e-01,5.247481673939999869e-01
2.900000000000000000e+01,-5.147371729859999689e-01,-3.103603123720000134e-01,5.243583430370000187e-01,6.031338552410000498e-01
3.000000000000000000e+01,-4.196245911670000162e-01,-2.436269158940000124e-01,5.622306858479999558e-01,6.696699069170000129e-01
3.100000000000000000e+01,-3.156900105820000246e-01,-1.692975381090000009e-01,5.960302392809999628e-01,7.186279389719999466e-01
3.200000000000000000e+01,-2.994985994720000266e-01,-1.604123640569999898e-01,6.038770367079999701e-01,7.210415985979999887e-01
3.300000000000000000e+01,-2.916651234459999853e-01,-1.573967674689999985e-01,6.043380033120000494e-01,7.245228023390000160e-01
3.400000000000000000e+01,-2.929125474240000249e-01,-1.573722287880000015e-01,6.031725273189999514e-01,7.249959472000000460e-01
3.500000000000000000e+01,-2.921956330320000239e-01,-1.569733178480000046e-01,6.027381154990000267e-01,7.257326323420000280e-01
3.600000000000000000e+01,-2.922989338409999749e-01,-1.559375395400000031e-01,6.031047126749999876e-01,7.256097591600000341e-01
3.700000000000000000e+01,-2.913954745910000144e-01,-1.549348608810000028e-01,6.034338844900000165e-01,7.259141914309999999e-01
3.800000000000000000e+01,-3.075366002350000127e-01,-1.671968111930000056e-01,6.000445020350000380e-01,7.193142994690000513e-01
3.900000000000000000e+01,-3.701415903379999817e-01,-2.157789656469999984e-01,5.807445437949999567e-01,6.922213633929999999e-01
4.000000000000000000e+01,-4.807351752740000039e-01,-2.944393805380000062e-01,5.346623143309999771e-01,6.295517072309999573e-01
4.100000000000000000e+01,-5.889425750429999606e-01,-3.659596066420000016e-01,4.744809455799999798e-01,5.422988492429999807e-01
4.200000000000000000e+01,-6.647639815979999867e-01,-4.191483301289999908e-01,4.159477187580000179e-01,4.575926369380000081e-01
4.300000000000000000e+01,-6.919069724280000333e-01,-4.447159307710000231e-01,3.943883328769999808e-01,4.098174292469999869e-01
4.400000000000000000e+01,-7.013602010749999671e-01,-4.465119333120000089e-01,3.901864068179999867e-01,3.955698796580000010e-01
4.500000000000000000e+01,-7.050667709169999853e-01,-4.455736887969999893e-01,3.881474622969999788e-01,3.920286774110000039e-01
4.600000000000000000e+01,-7.071178079719999676e-01,-4.432784516459999935e-01,3.881570532640000182e-01,3.909254685449999878e-01
4.700000000000000000e+01,-7.084977381639999683e-01,-4.430451548379999993e-01,3.868687325369999930e-01,3.899673442430000025e-01
4.800000000000000000e+01,-7.105325262849999657e-01,-4.435224769650000232e-01,3.842377456669999747e-01,3.883203527019999934e-01
4.900000000000000000e+01,-7.113207104919999635e-01,-4.436815989319999876e-01,3.831742648609999802e-01,3.877460100910000151e-01
5.000000000000000000e+01,-3.139572128449999999e-01,-1.559314079259999930e-01,5.783914646279999516e-01,7.366000123339999650e-01
5.100000000000000000e+01,-3.147641850089999971e-01,-1.562560689710000006e-01,5.778148254849999610e-01,7.366393800189999785e-01
5.200000000000000000e+01,-3.155179184340000109e-01,-1.558312201590000001e-01,5.780994866280000366e-01,7.361834401369999892e-01
5.300000000000000000e+01,-3.152258894680000090e-01,-1.555125601300000049e-01,5.781303154029999725e-01,7.363516963130000148e-01
5.400000000000000000e+01,-2.928118107070000198e-01,-1.564728645769999926e-01,5.858311351399999589e-01,7.393100616540000392e-01
5.500000000000000000e+01,-2.785742109379999998e-01,-1.577028736220000005e-01,5.874179075230000491e-01,7.432808450200000250e-01
5.600000000000000000e+01,-2.797178919739999881e-01,-1.584017811689999999e-01,5.865222840210000399e-01,7.434099723429999917e-01
5.700000000000000000e+01,-2.830559774629999858e-01,-1.562608257950000024e-01,5.878328003449999617e-01,7.415621799839999806e-01
5.800000000000000000e+01,-2.915008181700000089e-01,-1.527132293110000094e-01,5.913544057680000243e-01,7.362105061579999887e-01
5.900000000000000000e+01,-2.986653567720000124e-01,-1.477352222670000048e-01,5.959558915399999490e-01,7.306229424979999720e-01
6.000000000000000000e+01,-3.024489587749999986e-01,-1.463415646450000052e-01,5.991809390919999867e-01,7.266986831010000536e-01
6.100000000000000000e+01,-3.076207726869999992e-01,-1.522802752880000055e-01,6.010316943789999478e-01,7.217624819300000327e-01
6.200000000000000000e+01,-3.118607588830000221e-01,-1.557963958799999937e-01,6.017311894250000348e-01,7.186027593689999771e-01
6.300000000000000000e+01,-3.166992174750000166e-01,-1.599569578679999882e-01,5.991514632940000418e-01,7.177275954790000023e-01
6.400000000000000000e+01,-3.202314455160000239e-01,-1.611095512550000108e-01,6.050127977849999450e-01,7.109536189599999778e-01
6.500000000000000000e+01,-3.218692182439999994e-01,-1.593969791500000066e-01,6.069962305930000079e-01,7.089064715680000184e-01
6.600000000000000000e+01,-3.256091835130000001e-01,-1.623841431220000020e-01,6.016868371579999764e-01,7.110435989900000253e-01
6.700000000000000000e+01,-3.301906704900000045e-01,-1.616221613119999956e-01,5.987217248889999954e-01,7.116071207070000515e-01
6.800000000000000000e+01,-3.333891445630000061e-01,-1.569980513679999912e-01,5.959929313399999762e-01,7.134393568810000197e-01
6.900000000000000000e+01,-3.405552195870000243e-01,-1.469282681150000103e-01,5.801497924099999759e-01,7.251623575500000252e-01
